16 32 0.0 68.7699966430664
16 32 0.5 68.5999984741211
16 32 0.6 68.5999984741211
16 32 0.7 68.58000183105469
16 32 0.8 68.70999908447266
16 32 0.9 67.5
16 32 0.95 58.970001220703125
16 32 0.97 48.97999954223633
16 32 0.98 39.84000015258789
16 32 0.99 16.190000534057617
16 16 0.0 68.7300033569336
16 16 0.5 68.37000274658203
16 16 0.6 68.52999877929688
16 16 0.7 68.62999725341797
16 16 0.8 68.55000305175781
16 16 0.9 67.47000122070312
16 16 0.95 59.130001068115234
16 16 0.97 48.779998779296875
16 16 0.98 39.72999954223633
16 16 0.99 16.149999618530273
15 15 0.0 68.7300033569336
15 15 0.5 68.37000274658203
15 15 0.6 68.52999877929688
15 15 0.7 68.62999725341797
15 15 0.8 68.55000305175781
15 15 0.9 67.47000122070312
15 15 0.95 59.130001068115234
15 15 0.97 48.779998779296875
15 15 0.98 39.72999954223633
15 15 0.99 16.149999618530273
14 14 0.0 68.55999755859375
14 14 0.5 68.45999908447266
14 14 0.6 68.5999984741211
14 14 0.7 68.2699966430664
14 14 0.8 68.37999725341797
14 14 0.9 67.31999969482422
14 14 0.95 59.040000915527344
14 14 0.97 48.779998779296875
14 14 0.98 39.72999954223633
14 14 0.99 15.970000267028809
13 13 0.0 68.41000366210938
13 13 0.5 68.31999969482422
13 13 0.6 68.26000213623047
13 13 0.7 68.30000305175781
13 13 0.8 68.5999984741211
13 13 0.9 67.30999755859375
13 13 0.95 58.529998779296875
13 13 0.97 48.529998779296875
13 13 0.98 39.150001525878906
13 13 0.99 15.899999618530273
12 12 0.0 67.4800033569336
12 12 0.5 67.69000244140625
12 12 0.6 67.44000244140625
12 12 0.7 67.45999908447266
12 12 0.8 67.4800033569336
12 12 0.9 66.31999969482422
12 12 0.95 58.16999816894531
12 12 0.97 47.900001525878906
12 12 0.98 38.47999954223633
12 12 0.99 12.529999732971191
11 11 0.0 63.7599983215332
11 11 0.5 63.939998626708984
11 11 0.6 63.369998931884766
11 11 0.7 63.5099983215332
11 11 0.8 63.61000061035156
11 11 0.9 62.959999084472656
11 11 0.95 53.83000183105469
11 11 0.97 44.66999816894531
11 11 0.98 32.939998626708984
11 11 0.99 8.949999809265137
10 10 0.0 63.5
10 10 0.5 63.630001068115234
10 10 0.6 63.060001373291016
10 10 0.7 63.130001068115234
10 10 0.8 63.2400016784668
10 10 0.9 62.93000030517578
10 10 0.95 53.83000183105469
10 10 0.97 44.66999816894531
10 10 0.98 32.939998626708984
10 10 0.99 8.9399995803833
9 9 0.0 46.43000030517578
9 9 0.5 47.09000015258789
9 9 0.6 47.0099983215332
9 9 0.7 46.15999984741211
9 9 0.8 47.220001220703125
9 9 0.9 42.040000915527344
9 9 0.95 35.13999938964844
9 9 0.97 20.809999465942383
9 9 0.98 18.670000076293945
9 9 0.99 3.740000009536743
8 8 0.0 7.28000020980835
8 8 0.5 7.230000019073486
8 8 0.6 5.980000019073486
8 8 0.7 5.360000133514404
8 8 0.8 4.25
8 8 0.9 6.53000020980835
8 8 0.95 5.679999828338623
8 8 0.97 3.759999990463257
8 8 0.98 5.639999866485596
8 8 0.99 1.159999966621399
16 32 0.0 66.4000015258789
16 32 0.5 66.3499984741211
16 32 0.6 66.37999725341797
16 32 0.7 66.27999877929688
16 32 0.8 66.33999633789062
16 32 0.9 63.63999938964844
16 32 0.95 52.540000915527344
16 32 0.97 42.709999084472656
16 32 0.98 33.22999954223633
16 32 0.99 12.550000190734863
16 16 0.0 66.55999755859375
16 16 0.5 66.33000183105469
16 16 0.6 66.2300033569336
16 16 0.7 66.33999633789062
16 16 0.8 66.12000274658203
16 16 0.9 63.599998474121094
16 16 0.95 52.529998779296875
16 16 0.97 42.439998626708984
16 16 0.98 33.099998474121094
16 16 0.99 12.779999732971191
15 15 0.0 66.55999755859375
15 15 0.5 66.33000183105469
15 15 0.6 66.2300033569336
15 15 0.7 66.33999633789062
15 15 0.8 66.12000274658203
15 15 0.9 63.599998474121094
15 15 0.95 52.529998779296875
15 15 0.97 42.439998626708984
15 15 0.98 33.099998474121094
15 15 0.99 12.779999732971191
14 14 0.0 66.33999633789062
14 14 0.5 66.04000091552734
14 14 0.6 65.94000244140625
14 14 0.7 66.12000274658203
14 14 0.8 66.0199966430664
14 14 0.9 63.33000183105469
14 14 0.95 52.369998931884766
14 14 0.97 42.40999984741211
14 14 0.98 33.13999938964844
14 14 0.99 12.550000190734863
13 13 0.0 65.68000030517578
13 13 0.5 65.77999877929688
13 13 0.6 65.87999725341797
13 13 0.7 66.01000213623047
13 13 0.8 65.5999984741211
13 13 0.9 63.040000915527344
13 13 0.95 51.27000045776367
13 13 0.97 42.09000015258789
13 13 0.98 31.979999542236328
13 13 0.99 11.489999771118164
12 12 0.0 64.68000030517578
12 12 0.5 64.43000030517578
12 12 0.6 64.58999633789062
12 12 0.7 64.19999694824219
12 12 0.8 63.91999816894531
12 12 0.9 60.86000061035156
12 12 0.95 50.52000045776367
12 12 0.97 39.31999969482422
12 12 0.98 29.540000915527344
12 12 0.99 5.46999979019165
11 11 0.0 58.34000015258789
11 11 0.5 58.540000915527344
11 11 0.6 58.2400016784668
11 11 0.7 57.93000030517578
11 11 0.8 57.0099983215332
11 11 0.9 54.529998779296875
11 11 0.95 41.939998626708984
11 11 0.97 27.59000015258789
11 11 0.98 22.700000762939453
11 11 0.99 2.9600000381469727
10 10 0.0 58.16999816894531
10 10 0.5 58.38999938964844
10 10 0.6 58.099998474121094
10 10 0.7 57.849998474121094
10 10 0.8 56.810001373291016
10 10 0.9 54.5099983215332
10 10 0.95 41.939998626708984
10 10 0.97 27.559999465942383
10 10 0.98 22.700000762939453
10 10 0.99 2.9600000381469727
9 9 0.0 34.02000045776367
9 9 0.5 33.5099983215332
9 9 0.6 30.15999984741211
9 9 0.7 25.100000381469727
9 9 0.8 24.3799991607666
9 9 0.9 27.280000686645508
9 9 0.95 21.889999389648438
9 9 0.97 11.59000015258789
9 9 0.98 6.659999847412109
9 9 0.99 1.809999942779541
8 8 0.0 6.559999942779541
8 8 0.5 6.139999866485596
8 8 0.6 5.940000057220459
8 8 0.7 5.25
8 8 0.8 4.989999771118164
8 8 0.9 4.900000095367432
8 8 0.95 5.130000114440918
8 8 0.97 1.1299999952316284
8 8 0.98 1.7999999523162842
8 8 0.99 1.25
