1 32 0 73.23999786376953
1 32 0.5 73.33999633789062
1 32 0.6 73.29000091552734
1 32 0.7 73.16999816894531
1 32 0.8 72.83000183105469
1 32 0.9 68.68000030517578
1 32 0.95 58.150001525878906
1 32 0.97 48.869998931884766
1 32 0.98 38.349998474121094
1 32 0.99 7.260000228881836
1 16 0 73.16999816894531
1 16 0.5 73.41000366210938
1 16 0.6 73.30000305175781
1 16 0.7 73.0199966430664
1 16 0.8 72.58999633789062
1 16 0.9 68.4800033569336
1 16 0.95 58.08000183105469
1 16 0.97 48.810001373291016
1 16 0.98 36.15999984741211
1 16 0.99 4.849999904632568
1 15 0 73.16999816894531
1 15 0.5 73.41000366210938
1 15 0.6 73.30000305175781
1 15 0.7 73.0199966430664
1 15 0.8 72.58999633789062
1 15 0.9 68.4800033569336
1 15 0.95 58.08000183105469
1 15 0.97 48.810001373291016
1 15 0.98 36.15999984741211
1 15 0.99 4.849999904632568
1 14 0 72.75
1 14 0.5 72.8499984741211
1 14 0.6 73.16000366210938
1 14 0.7 72.88999938964844
1 14 0.8 72.6500015258789
1 14 0.9 68.3499984741211
1 14 0.95 57.88999938964844
1 14 0.97 47.66999816894531
1 14 0.98 30.40999984741211
1 14 0.99 2.640000104904175
1 13 0 72.55999755859375
1 13 0.5 72.55999755859375
1 13 0.6 72.33000183105469
1 13 0.7 72.29000091552734
1 13 0.8 72.13999938964844
1 13 0.9 67.5999984741211
1 13 0.95 57.06999969482422
1 13 0.97 47.63999938964844
1 13 0.98 21.43000030517578
1 13 0.99 1.0700000524520874
1 12 0 71.25
1 12 0.5 71.05999755859375
1 12 0.6 70.69000244140625
1 12 0.7 70.43000030517578
1 12 0.8 70.20999908447266
1 12 0.9 65.43000030517578
1 12 0.95 55.189998626708984
1 12 0.97 36.18000030517578
1 12 0.98 2.4000000953674316
1 12 0.99 1.0
1 11 0 60.130001068115234
1 11 0.5 60.59000015258789
1 11 0.6 60.189998626708984
1 11 0.7 59.209999084472656
1 11 0.8 56.83000183105469
1 11 0.9 52.95000076293945
1 11 0.95 37.70000076293945
1 11 0.97 30.639999389648438
1 11 0.98 1.0
1 11 0.99 1.25
1 10 0 60.029998779296875
1 10 0.5 60.459999084472656
1 10 0.6 60.099998474121094
1 10 0.7 59.11000061035156
1 10 0.8 56.79999923706055
1 10 0.9 52.95000076293945
1 10 0.95 37.70000076293945
1 10 0.97 30.639999389648438
1 10 0.98 1.600000023841858
1 10 0.99 1.0
1 9 0 13.260000228881836
1 9 0.5 13.210000038146973
1 9 0.6 12.65999984741211
1 9 0.7 11.149999618530273
1 9 0.8 11.260000228881836
1 9 0.9 12.59000015258789
1 9 0.95 5.760000228881836
1 9 0.97 3.680000066757202
1 9 0.98 1.2999999523162842
1 9 0.99 1.0
1 8 0 1.2200000286102295
1 8 0.5 1.2400000095367432
1 8 0.6 1.1100000143051147
1 8 0.7 1.0499999523162842
1 8 0.8 1.3600000143051147
1 8 0.9 1.8799999952316284
1 8 0.95 1.6299999952316284
1 8 0.97 1.4299999475479126
1 8 0.98 1.25
1 8 0.99 0.9900000095367432
0.75 32 0 72.4800033569336
0.75 32 0.5 72.23999786376953
0.75 32 0.6 72.30000305175781
0.75 32 0.7 72.30000305175781
0.75 32 0.8 72.2300033569336
0.75 32 0.9 70.7699966430664
0.75 32 0.95 59.5099983215332
0.75 32 0.97 54.459999084472656
0.75 32 0.98 50.45000076293945
0.75 32 0.99 18.15999984741211
0.75 16 0 72.44000244140625
0.75 16 0.5 72.08000183105469
0.75 16 0.6 72.11000061035156
0.75 16 0.7 72.16000366210938
0.75 16 0.8 72.05999755859375
0.75 16 0.9 70.54000091552734
0.75 16 0.95 59.5
0.75 16 0.97 54.400001525878906
0.75 16 0.98 50.34000015258789
0.75 16 0.99 18.139999389648438
0.75 15 0 72.44000244140625
0.75 15 0.5 72.08000183105469
0.75 15 0.6 72.11000061035156
0.75 15 0.7 72.16000366210938
0.75 15 0.8 72.05999755859375
0.75 15 0.9 70.54000091552734
0.75 15 0.95 59.5
0.75 15 0.97 54.400001525878906
0.75 15 0.98 50.34000015258789
0.75 15 0.99 18.139999389648438
0.75 14 0 72.33999633789062
0.75 14 0.5 72.08999633789062
0.75 14 0.6 72.16999816894531
0.75 14 0.7 72.04000091552734
0.75 14 0.8 71.87000274658203
0.75 14 0.9 70.22000122070312
0.75 14 0.95 59.290000915527344
0.75 14 0.97 54.20000076293945
0.75 14 0.98 50.349998474121094
0.75 14 0.99 17.579999923706055
0.75 13 0 71.68000030517578
0.75 13 0.5 71.76000213623047
0.75 13 0.6 72.0
0.75 13 0.7 71.61000061035156
0.75 13 0.8 71.61000061035156
0.75 13 0.9 69.7699966430664
0.75 13 0.95 58.9900016784668
0.75 13 0.97 53.959999084472656
0.75 13 0.98 49.93000030517578
0.75 13 0.99 17.25
0.75 12 0 70.2300033569336
0.75 12 0.5 70.2300033569336
0.75 12 0.6 69.58999633789062
0.75 12 0.7 69.95999908447266
0.75 12 0.8 70.1500015258789
0.75 12 0.9 67.66999816894531
0.75 12 0.95 56.63999938964844
0.75 12 0.97 51.20000076293945
0.75 12 0.98 46.25
0.75 12 0.99 14.369999885559082
0.75 11 0 63.43000030517578
0.75 11 0.5 62.43000030517578
0.75 11 0.6 62.0099983215332
0.75 11 0.7 61.7599983215332
0.75 11 0.8 61.220001220703125
0.75 11 0.9 58.970001220703125
0.75 11 0.95 48.27000045776367
0.75 11 0.97 41.59000015258789
0.75 11 0.98 35.439998626708984
0.75 11 0.99 8.020000457763672
0.75 10 0 63.22999954223633
0.75 10 0.5 62.310001373291016
0.75 10 0.6 61.83000183105469
0.75 10 0.7 61.58000183105469
0.75 10 0.8 61.099998474121094
0.75 10 0.9 58.959999084472656
0.75 10 0.95 48.27000045776367
0.75 10 0.97 41.59000015258789
0.75 10 0.98 35.40999984741211
0.75 10 0.99 8.039999961853027
0.75 9 0 31.770000457763672
0.75 9 0.5 32.470001220703125
0.75 9 0.6 32.95000076293945
0.75 9 0.7 30.709999084472656
0.75 9 0.8 30.350000381469727
0.75 9 0.9 31.15999984741211
0.75 9 0.95 17.649999618530273
0.75 9 0.97 12.850000381469727
0.75 9 0.98 14.8100004196167
0.75 9 0.99 2.759999990463257
0.75 8 0 2.8499999046325684
0.75 8 0.5 3.299999952316284
0.75 8 0.6 2.890000104904175
0.75 8 0.7 3.619999885559082
0.75 8 0.8 3.6600000858306885
0.75 8 0.9 3.2100000381469727
0.75 8 0.95 3.0
0.75 8 0.97 2.0799999237060547
0.75 8 0.98 2.4600000381469727
0.75 8 0.99 1.6399999856948853
0.5 32 0 68.7699966430664
0.5 32 0.5 68.5999984741211
0.5 32 0.6 68.5999984741211
0.5 32 0.7 68.58000183105469
0.5 32 0.8 68.70999908447266
0.5 32 0.9 67.5
0.5 32 0.95 58.970001220703125
0.5 32 0.97 48.97999954223633
0.5 32 0.98 39.84000015258789
0.5 32 0.99 16.190000534057617
0.5 16 0 68.7300033569336
0.5 16 0.5 68.37000274658203
0.5 16 0.6 68.52999877929688
0.5 16 0.7 68.62999725341797
0.5 16 0.8 68.55000305175781
0.5 16 0.9 67.47000122070312
0.5 16 0.95 59.130001068115234
0.5 16 0.97 48.779998779296875
0.5 16 0.98 39.72999954223633
0.5 16 0.99 16.149999618530273
0.5 15 0 68.7300033569336
0.5 15 0.5 68.37000274658203
0.5 15 0.6 68.52999877929688
0.5 15 0.7 68.62999725341797
0.5 15 0.8 68.55000305175781
0.5 15 0.9 67.47000122070312
0.5 15 0.95 59.130001068115234
0.5 15 0.97 48.779998779296875
0.5 15 0.98 39.72999954223633
0.5 15 0.99 16.149999618530273
0.5 14 0 68.55999755859375
0.5 14 0.5 68.45999908447266
0.5 14 0.6 68.5999984741211
0.5 14 0.7 68.2699966430664
0.5 14 0.8 68.37999725341797
0.5 14 0.9 67.31999969482422
0.5 14 0.95 59.040000915527344
0.5 14 0.97 48.779998779296875
0.5 14 0.98 39.72999954223633
0.5 14 0.99 15.970000267028809
0.5 13 0 68.41000366210938
0.5 13 0.5 68.31999969482422
0.5 13 0.6 68.26000213623047
0.5 13 0.7 68.30000305175781
0.5 13 0.8 68.5999984741211
0.5 13 0.9 67.30999755859375
0.5 13 0.95 58.529998779296875
0.5 13 0.97 48.529998779296875
0.5 13 0.98 39.150001525878906
0.5 13 0.99 15.899999618530273
0.5 12 0 67.4800033569336
0.5 12 0.5 67.69000244140625
0.5 12 0.6 67.44000244140625
0.5 12 0.7 67.45999908447266
0.5 12 0.8 67.4800033569336
0.5 12 0.9 66.31999969482422
0.5 12 0.95 58.16999816894531
0.5 12 0.97 47.900001525878906
0.5 12 0.98 38.47999954223633
0.5 12 0.99 12.529999732971191
0.5 11 0 63.7599983215332
0.5 11 0.5 63.939998626708984
0.5 11 0.6 63.369998931884766
0.5 11 0.7 63.5099983215332
0.5 11 0.8 63.61000061035156
0.5 11 0.9 62.959999084472656
0.5 11 0.95 53.83000183105469
0.5 11 0.97 44.66999816894531
0.5 11 0.98 32.939998626708984
0.5 11 0.99 8.949999809265137
0.5 10 0 63.5
0.5 10 0.5 63.630001068115234
0.5 10 0.6 63.060001373291016
0.5 10 0.7 63.130001068115234
0.5 10 0.8 63.2400016784668
0.5 10 0.9 62.93000030517578
0.5 10 0.95 53.83000183105469
0.5 10 0.97 44.66999816894531
0.5 10 0.98 32.939998626708984
0.5 10 0.99 8.9399995803833
0.5 9 0 46.43000030517578
0.5 9 0.5 47.09000015258789
0.5 9 0.6 47.0099983215332
0.5 9 0.7 46.15999984741211
0.5 9 0.8 47.220001220703125
0.5 9 0.9 42.040000915527344
0.5 9 0.95 35.13999938964844
0.5 9 0.97 20.809999465942383
0.5 9 0.98 18.670000076293945
0.5 9 0.99 3.740000009536743
0.5 8 0 7.28000020980835
0.5 8 0.5 7.230000019073486
0.5 8 0.6 5.980000019073486
0.5 8 0.7 5.360000133514404
0.5 8 0.8 4.25
0.5 8 0.9 6.53000020980835
0.5 8 0.95 5.679999828338623
0.5 8 0.97 3.759999990463257
0.5 8 0.98 5.639999866485596
0.5 8 0.99 1.159999966621399
0.25 32 0 66.4000015258789
0.25 32 0.5 66.3499984741211
0.25 32 0.6 66.37999725341797
0.25 32 0.7 66.27999877929688
0.25 32 0.8 66.33999633789062
0.25 32 0.9 63.63999938964844
0.25 32 0.95 52.540000915527344
0.25 32 0.97 42.709999084472656
0.25 32 0.98 33.22999954223633
0.25 32 0.99 12.550000190734863
0.25 16 0 66.55999755859375
0.25 16 0.5 66.33000183105469
0.25 16 0.6 66.2300033569336
0.25 16 0.7 66.33999633789062
0.25 16 0.8 66.12000274658203
0.25 16 0.9 63.599998474121094
0.25 16 0.95 52.529998779296875
0.25 16 0.97 42.439998626708984
0.25 16 0.98 33.099998474121094
0.25 16 0.99 12.779999732971191
0.25 15 0 66.55999755859375
0.25 15 0.5 66.33000183105469
0.25 15 0.6 66.2300033569336
0.25 15 0.7 66.33999633789062
0.25 15 0.8 66.12000274658203
0.25 15 0.9 63.599998474121094
0.25 15 0.95 52.529998779296875
0.25 15 0.97 42.439998626708984
0.25 15 0.98 33.099998474121094
0.25 15 0.99 12.779999732971191
0.25 14 0 66.33999633789062
0.25 14 0.5 66.04000091552734
0.25 14 0.6 65.94000244140625
0.25 14 0.7 66.12000274658203
0.25 14 0.8 66.0199966430664
0.25 14 0.9 63.33000183105469
0.25 14 0.95 52.369998931884766
0.25 14 0.97 42.40999984741211
0.25 14 0.98 33.13999938964844
0.25 14 0.99 12.550000190734863
0.25 13 0 65.68000030517578
0.25 13 0.5 65.77999877929688
0.25 13 0.6 65.87999725341797
0.25 13 0.7 66.01000213623047
0.25 13 0.8 65.5999984741211
0.25 13 0.9 63.040000915527344
0.25 13 0.95 51.27000045776367
0.25 13 0.97 42.09000015258789
0.25 13 0.98 31.979999542236328
0.25 13 0.99 11.489999771118164
0.25 12 0 64.68000030517578
0.25 12 0.5 64.43000030517578
0.25 12 0.6 64.58999633789062
0.25 12 0.7 64.19999694824219
0.25 12 0.8 63.91999816894531
0.25 12 0.9 60.86000061035156
0.25 12 0.95 50.52000045776367
0.25 12 0.97 39.31999969482422
0.25 12 0.98 29.540000915527344
0.25 12 0.99 5.46999979019165
0.25 11 0 58.34000015258789
0.25 11 0.5 58.540000915527344
0.25 11 0.6 58.2400016784668
0.25 11 0.7 57.93000030517578
0.25 11 0.8 57.0099983215332
0.25 11 0.9 54.529998779296875
0.25 11 0.95 41.939998626708984
0.25 11 0.97 27.59000015258789
0.25 11 0.98 22.700000762939453
0.25 11 0.99 2.9600000381469727
0.25 10 0 58.16999816894531
0.25 10 0.5 58.38999938964844
0.25 10 0.6 58.099998474121094
0.25 10 0.7 57.849998474121094
0.25 10 0.8 56.810001373291016
0.25 10 0.9 54.5099983215332
0.25 10 0.95 41.939998626708984
0.25 10 0.97 27.559999465942383
0.25 10 0.98 22.700000762939453
0.25 10 0.99 2.9600000381469727
0.25 9 0 34.02000045776367
0.25 9 0.5 33.5099983215332
0.25 9 0.6 30.15999984741211
0.25 9 0.7 25.100000381469727
0.25 9 0.8 24.3799991607666
0.25 9 0.9 27.280000686645508
0.25 9 0.95 21.889999389648438
0.25 9 0.97 11.59000015258789
0.25 9 0.98 6.659999847412109
0.25 9 0.99 1.809999942779541
0.25 8 0 6.559999942779541
0.25 8 0.5 6.139999866485596
0.25 8 0.6 5.940000057220459
0.25 8 0.7 5.25
0.25 8 0.8 4.989999771118164
0.25 8 0.9 4.900000095367432
0.25 8 0.95 5.130000114440918
0.25 8 0.97 1.1299999952316284
0.25 8 0.98 1.7999999523162842
0.25 8 0.99 1.2
