VGG16	






















































80.0	90.0	90.0	95.0	90.0	90.0	95.0	95.0	90.0	95.0	
11.0	13.0	12.0	16.0	12.0	11.0	15.0	12.0	11.0	11.0	
0.75	0.75	0.75	0.75	0.5	0.5	0.5	0.5	0.5	0.5	
71.34999847	70.62000275	69.81999969	68.30000305	67.68000031	66.94000244	65.41999817	65.08999634	66.94000244	63.09000015	
71.31234358234559	70.52048641043332	69.8713201753809	68.30999756	67.34363620748304	66.64278740355981	65.34002664301715	64.50393528605686	65.98090977873642	63.28676063114073	
591136.425	349307.8875	322438.05	214958.7	143305.8	131363.65	89566.125	71652.9	131363.65	65681.825	
ResNet18	






















































90.0	90.0	90.0	95.0	90.0	95.0	95.0	97.0	90.0	95.0	
15.0	15.0	9.0	10.0	9.0	10.0	9.0	11.0	9.0	12.0	
1.0	0.75	0.75	1.0	0.5	0.5	0.5	0.5	0.25	0.25	
70.16000366	69.16999817	68.48000336	67.76000214	67.02999878	65.26999664	64.56999969	63.24000168	62.58000183	61.34999847	
70.17999880085878	69.16999668553039	68.57167064533844	67.1518589146647	66.42637104271506	65.15909217671039	64.58067108321316	63.44010407195707	62.39905205699589	61.208606173994	
525489.0	295587.5625	177352.5375	175163.0	78823.35	43790.75	39411.675	28901.895	19705.8375	13137.225	
SqueezeNext	






















































80.0	80.0	80.0	90.0	80.0	90.0	90.0	90.0	90.0	90.0	
14.0	14.0	13.0	14.0	12.0	13.0	12.0	12.0	12.0	12.0	
1.0	0.75	0.75	0.75	0.5	0.5	0.5	0.5	0.5	0.5	
70.79000092	70.16999817	69.73999786	67.91000366	66.91999817	65.91000366	64.76999664	64.76999664	64.76999664	64.76999664	
70.84025134936049	69.76537947160554	69.54130080699933	67.74704413997806	67.41849893683623	65.77990329968524	65.46805962954502	65.46805962954502	64.76999858814179	62.40423077480501	
269192.0	151420.5	140604.75	75710.25	57684.0	31245.5	28842.0	28842.0	28842.0	28842.0	
MobileNetV2	






















































80.0	80.0	80.0	80.0	80.0	90.0	70.0	80.0	80.0	80.0	
14.0	13.0	13.0	12.0	13.0	13.0	15.0	13.0	13.0	12.0	
1.0	0.75	0.75	0.75	0.5	0.5	0.25	0.25	0.25	0.25	
72.6500015258789	71.61000061035156	71.61000061035156	70.1500015258789	68.5999984741211	67.30999755859375	66.33999633789062	65.5999984741211	65.5999984741211	63.91999816894531	
72.63860867546325	71.40508685561659	71.40508685561659	70.115940049646	68.31966605672022	67.75010153941976	66.27313944953256	65.41525467435862	65.41525467435862	64.23424824556287	
207989.6	108637.425	108637.425	100280.7	48283.3	24141.65	20891.8125	12070.825	12070.825	11142.3	

