VGG16
80.0
11.0
0.75
71.34999847
71.31234358234559
591136.425
90.0
13.0
0.75
70.62000275
70.43391378126196
349307.8875
90.0
12.0
0.75
69.81999969
69.81999969
322438.05
95.0
16.0
0.75
68.30000305
68.30999756
214958.7
90.0
12.0
0.5
67.68000031
67.5072346322674
143305.8
97.0
11.0
0.75
61.68000031
66.64278740355981
100000000
95.0
15.0
0.5
65.41999817
65.32195084736658
89566.125
95.0
12.0
0.5
65.08999634
64.46359020628374
71652.9
95.0
12.0
0.5
65.08999634
63.904834822245995
71652.9
95.0
11.0
0.5
63.09000015
62.965182632408926
65681.825
ResNet18
90.0
15.0
1.0
70.16000366
70.17999880085878
525489.0
90.0
15.0
0.75
69.16999817
69.16999668553039
295587.5625
90.0
9.0
0.75
68.48000336
68.48000189033849
177352.5375
95.0
10.0
1.0
67.76000214
67.31122397555218
175163.0
90.0
9.0
0.5
67.02999878
66.71060183374574
78823.35
95.0
10.0
0.5
65.26999664
65.4017606144987
43790.75
95.0
9.0
0.5
64.56999969
64.56999827935601
39411.675
97.0
11.0
0.5
63.24000168
63.29999785710138
28901.895
90.0
9.0
0.25
62.58000183
62.42182704259462
19705.8375
95.0
12.0
0.25
61.34999847
61.3499971744499
13137.225
SqueezeNext
80.0
14.0
1.0
70.79000092
70.84025134936049
269192.0
80.0
14.0
0.75
70.16999817
69.83459062060427
151420.5
80.0
13.0
0.75
69.73999786
69.0917812470615
140604.75
80.0
13.0
0.5
67.83000183
68.04000296649646
62491.0
80.0
12.0
0.5
66.91999817
67.61931378178463
57684.0
90.0
13.0
0.5
65.91000366
65.91000564243075
31245.5
90.0
12.0
0.5
64.76999664
65.91000564243075
28842.0
90.0
12.0
0.5
64.76999664
64.76999858814179
28842.0
90.0
12.0
0.5
64.76999664
64.76999858814179
28842.0
90.0
12.0
0.5
64.76999664
62.40423077480501
28842.0
MobileNetV2
80.0
14.0
1.0
72.6500015258789
72.63860867546325
207989.6
80.0
13.0
0.75
71.61000061035156
71.61000266687293
108637.425
80.0
13.0
0.75
71.61000061035156
71.51885915632894
108637.425
90.0
13.0
0.75
69.7699966430664
70.54000294132007
54318.7125
80.0
13.0
0.5
68.5999984741211
68.3793251849174
48283.3
90.0
13.0
0.5
67.30999755859375
67.47514992992566
24141.65
70.0
15.0
0.25
66.33999633789062
66.28695740003342
20891.8125
80.0
13.0
0.25
65.5999984741211
65.74977086660806
12070.825
80.0
13.0
0.25
65.5999984741211
64.32929390583188
12070.825
80.0
12.0
0.25
63.91999816894531
65.15056411168284
11142.3
