VGG16
50.0
15.0
0.75
72.3
72.3
2015237.8125
60.0
14.0
0.75
72.3
72.12004242329236
1504710.9000000001
70.0
15.0
0.75
72.25
72.1200027153
1209142.6875
70.0
15.0
0.75
72.25
72.1200027153
1209142.6875
70.0
13.0
0.75
72.23999786
72.0701271898622
1047923.6625
70.0
11.0
0.75
71.81999969
71.90055222079775
886704.6375
80.0
14.0
0.75
72.02999878
71.5102105802769
752355.4500000001
80.0
11.0
0.75
71.34999847
71.31234358234559
591136.4249999999
90.0
15.0
0.75
70.73999786
70.9199981874
403047.5625
90.0
11.0
0.75
67.58999634
70.70419912907546
295568.21249999997
95.0
11.0
0.75
64.55999756
68.44110972766848
147784.10624999998
ResNet18
60.0
14.0
1.0
70.98999786
71.02999727160001
1961825.5999999999
80.0
14.0
1.0
70.63999939
70.63999786725
980912.7999999999
80.0
14.0
1.0
70.63999939
70.63999786725
980912.7999999999
80.0
12.0
1.0
70.5
70.46128778520558
840782.3999999999
90.0
14.0
1.0
70.09999847
70.17999881610001
490456.39999999997
90.0
14.0
1.0
70.09999847
70.17999881610001
490456.39999999997
90.0
14.0
1.0
70.09999847
70.17999881610001
490456.39999999997
90.0
12.0
1.0
70.01999664
70.00245247231513
420391.19999999995
90.0
9.0
1.0
68.91000366
69.38103658461809
315293.39999999997
90.0
11.0
0.75
68.70999908
68.76664716771728
216764.2125
90.0
12.0
0.5
67.38999939
67.02132327116234
105097.79999999999
SqueezeNext
60.0
15.0
1.0
71.33000183
71.34011201697028
576840.0
80.0
15.0
1.0
70.76999664
70.84025134936049
288420.0
80.0
14.0
1.0
70.79000092
70.73160007740249
269192.0
70.0
15.0
0.75
70.40000153
70.19794969510299
243354.375
80.0
15.0
0.75
70.44000244
69.87254652579246
162236.25
80.0
15.0
0.75
70.44000244
69.87254652579246
162236.25
80.0
14.0
0.75
70.16999817
69.76537947160554
151420.5
70.0
15.0
0.5
68.73000336
68.0551031109134
108157.5
90.0
15.0
0.75
67.98999786
67.8511108161051
81118.125
90.0
15.0
0.5
66.19999695
65.77990329968524
36052.5
90.0
12.0
0.5
64.76999664
63.65205402598568
28842.0
MobileNetV2
60.0
15.0
1.0
73.30000305175781
73.17000028407999
445692.0
80.0
15.0
1.0
72.58999633789062
72.76039608588971
222846.0
80.0
14.0
1.0
72.6500015258789
72.34274907808808
207989.6
70.0
15.0
0.75
72.16000366210938
72.34152495691805
188026.3125
80.0
15.0
0.75
72.05999755859375
72.00537826335795
125350.875
80.0
15.0
0.75
72.05999755859375
72.00537826335795
125350.875
80.0
14.0
0.75
71.87000274658203
71.59206508207981
116994.15000000001
70.0
15.0
0.5
68.62999725341797
68.63860653594527
83567.25
80.0
15.0
0.5
68.55000305175781
68.31966605672022
55711.5
80.0
12.0
0.5
67.4800033569336
66.52694180599164
44569.2
70.0
15.0
0.25
66.33999633789062
66.27313944953256
20891.8125
