VGG16
50.0
11.0
0.75
72.3
1477841.0625
50.0
11.0
0.75
72.3
1477841.0625
60.0
12.0
0.75
72.3
1289752.2
70.0
13.0
0.75
72.24
1047923.6625
70.0
13.0
0.75
72.24
1047923.6625
80.0
15.0
0.75
72.13
806095.125
80.0
14.0
0.75
72.03
752355.4500000001
80.0
11.0
0.75
71.35
591136.4249999999
90.0
16.0
0.75
70.77
429917.39999999997
80.0
12.0
0.5
68.51999664
286611.6
90.0
12.0
0.5
67.68000031
143305.8
ResNet18
50.0
12.0
1.0
71.03
2101956.0
70.0
10.0
1.0
70.69
1050978.0
80.0
13.0
1.0
70.65
910847.6
80.0
12.0
1.0
70.5
840782.3999999999
80.0
11.0
1.0
70.44
770717.2
90.0
16.0
1.0
70.19
560521.6
90.0
16.0
1.0
70.19
560521.6
90.0
12.0
1.0
70.02
420391.19999999995
90.0
15.0
0.75
69.17
295587.5625
90.0
11.0
0.75
68.71
216764.2125
90.0
12.0
0.5
67.38999939
105097.79999999999
SqueezeNext
60.0
15.0
1.0
71.33
576840.0
80.0
14.0
1.0
70.79
269192.0
80.0
14.0
1.0
70.79
269192.0
80.0
15.0
0.75
70.44
162236.25
80.0
15.0
0.75
70.44
162236.25
80.0
15.0
0.75
70.44
162236.25
80.0
14.0
0.75
70.17
151420.5
70.0
15.0
0.5
68.73000336
108157.5
80.0
15.0
0.5
68.04000092
72105.0
80.0
12.0
0.5
66.91999817
57684.0
90.0
12.0
0.5
64.76999664
28842.0
MobileNetV2
60.0
15.0
1.0
73.24
445692.0
80.0
14.0
1.0
72.65
207989.6
80.0
14.0
1.0
72.65
207989.6
70.0
15.0
0.75
72.16
188026.3125
80.0
15.0
0.75
72.06
125350.875
80.0
15.0
0.75
72.06
125350.875
80.0
14.0
0.75
71.87
116994.15000000001
90.0
15.0
0.75
70.54
62675.4375
90.0
15.0
0.75
70.54
62675.4375
80.0
12.0
0.5
67.48000336
44569.2
70.0
15.0
0.25
66.33999634
20891.8125
