1 32 0 71.15000153
1 32 0.5 71.09999847
1 32 0.6 71.02999878
1 32 0.7 70.83000183
1 32 0.8 70.63999939
1 32 0.9 70.18000031
1 32 0.95 68.23000336
1 32 0.97 66.43000031
1 32 0.98 64.41999817
1 32 0.99 55.43999863
1 16 0 71.15000153
1 16 0.5 71.08999634
1 16 0.6 71.01999664
1 16 0.7 70.83999634
1 16 0.8 70.63999939
1 16 0.9 70.19000244
1 16 0.95 68.25
1 16 0.97 66.31999969
1 16 0.98 64.33999634
1 16 0.99 55.40999985
1 15 0 71.15000153
1 15 0.5 71.08999634
1 15 0.6 71.01999664
1 15 0.7 70.83999634
1 15 0.8 70.63999939
1 15 0.9 70.16000366
1 15 0.95 68.25
1 15 0.97 66.31999969
1 15 0.98 64.37999725
1 15 0.99 55.40999985
1 14 0 71.15000153
1 14 0.5 71.05999756
1 14 0.6 70.98999786
1 14 0.7 70.84999847
1 14 0.8 70.63999939
1 14 0.9 70.09999847
1 14 0.95 68.22000122
1 14 0.97 66.38999939
1 14 0.98 64.37999725
1 14 0.99 55.40000153
1 13 0 71.04000092
1 13 0.5 71.08999634
1 13 0.6 70.91000366
1 13 0.7 70.70999908
1 13 0.8 70.65000153
1 13 0.9 70.13999939
1 13 0.95 68.22000122
1 13 0.97 66.37000275
1 13 0.98 64.23999786
1 13 0.99 55.31999969
1 12 0 70.97000122
1 12 0.5 71.02999878
1 12 0.6 70.72000122
1 12 0.7 70.73000336
1 12 0.8 70.5
1 12 0.9 70.01999664
1 12 0.95 68.25
1 12 0.97 66.16999817
1 12 0.98 64.43000031
1 12 0.99 55.25999832
1 11 0 70.54000092
1 11 0.5 70.91000366
1 11 0.6 70.73999786
1 11 0.7 70.76999664
1 11 0.8 70.44000244
1 11 0.9 69.66999817
1 11 0.95 67.75
1 11 0.97 65.80000305
1 11 0.98 63.75999832
1 11 0.99 54.16999817
1 10 0 70.47000122
1 10 0.5 70.87999725
1 10 0.6 70.72000122
1 10 0.7 70.69000244
1 10 0.8 70.34999847
1 10 0.9 69.66999817
1 10 0.95 67.76000214
1 10 0.97 65.76999664
1 10 0.98 63.70999908
1 10 0.99 53.93000031
1 9 0 70.33999634
1 9 0.5 70.22000122
1 9 0.6 70.26000214
1 9 0.7 70.09999847
1 9 0.8 69.62000275
1 9 0.9 68.91000366
1 9 0.95 66.40000153
1 9 0.97 63.74000168
1 9 0.98 60.52999878
1 9 0.99 49.90000153
1 8 0 67.26000214
1 8 0.5 67.88999939
1 8 0.6 67.66000366
1 8 0.7 66.94000244
1 8 0.8 66.37999725
1 8 0.9 65.23999786
1 8 0.95 59.13000107
1 8 0.97 53.18999863
1 8 0.98 48.20000076
1 8 0.99 38.91999817
0.75 32 0 70.31999969
0.75 32 0.5 70.37999725
0.75 32 0.6 70.29000092
0.75 32 0.7 70.25
0.75 32 0.8 70.12999725
0.75 32 0.9 69.16999817
0.75 32 0.95 66.86000061
0.75 32 0.97 64.70999908
0.75 32 0.98 62.54000092
0.75 32 0.99 52.5
0.75 16 0 70.31999969
0.75 16 0.5 70.38999939
0.75 16 0.6 70.30999756
0.75 16 0.7 70.25
0.75 16 0.8 70.16000366
0.75 16 0.9 69.16999817
0.75 16 0.95 66.80999756
0.75 16 0.97 64.62999725
0.75 16 0.98 62.49000168
0.75 16 0.99 52.47000122
0.75 15 0 70.31999969
0.75 15 0.5 70.38999939
0.75 15 0.6 70.30999756
0.75 15 0.7 70.25
0.75 15 0.8 70.16000366
0.75 15 0.9 69.16999817
0.75 15 0.95 66.80999756
0.75 15 0.97 64.62999725
0.75 15 0.98 62.49000168
0.75 15 0.99 52.47000122
0.75 14 0 70.23999786
0.75 14 0.5 70.44000244
0.75 14 0.6 70.25
0.75 14 0.7 70.27999878
0.75 14 0.8 70.12000275
0.75 14 0.9 69.11000061
0.75 14 0.95 66.75
0.75 14 0.97 64.69000244
0.75 14 0.98 62.47999954
0.75 14 0.99 52.5
0.75 13 0 70.19999695
0.75 13 0.5 70.51000214
0.75 13 0.6 70.18000031
0.75 13 0.7 70.29000092
0.75 13 0.8 70.05999756
0.75 13 0.9 69.08999634
0.75 13 0.95 66.83999634
0.75 13 0.97 64.69999695
0.75 13 0.98 62.68999863
0.75 13 0.99 52.58000183
0.75 12 0 70.12999725
0.75 12 0.5 70.12000275
0.75 12 0.6 70.25
0.75 12 0.7 70.15000153
0.75 12 0.8 69.95999908
0.75 12 0.9 69.01000214
0.75 12 0.95 66.73000336
0.75 12 0.97 64.65000153
0.75 12 0.98 62.38000107
0.75 12 0.99 52.09000015
0.75 11 0 69.91000366
0.75 11 0.5 70.09999847
0.75 11 0.6 70
0.75 11 0.7 70.01999664
0.75 11 0.8 69.80000305
0.75 11 0.9 68.70999908
0.75 11 0.95 66.69999695
0.75 11 0.97 64.16000366
0.75 11 0.98 61.74000168
0.75 11 0.99 51.68999863
0.75 10 0 69.84999847
0.75 10 0.5 70.06999969
0.75 10 0.6 69.95999908
0.75 10 0.7 69.94999695
0.75 10 0.8 69.75
0.75 10 0.9 68.69999695
0.75 10 0.95 66.69000244
0.75 10 0.97 64.15000153
0.75 10 0.98 61.72000122
0.75 10 0.99 51.5
0.75 9 0 69.11000061
0.75 9 0.5 69.05000305
0.75 9 0.6 69.22000122
0.75 9 0.7 69.25
0.75 9 0.8 69.16000366
0.75 9 0.9 68.48000336
0.75 9 0.95 65.58000183
0.75 9 0.97 63.47000122
0.75 9 0.98 60.52999878
0.75 9 0.99 48.20000076
0.75 8 0 67.48999786
0.75 8 0.5 66.94000244
0.75 8 0.6 67.90000153
0.75 8 0.7 67.77999878
0.75 8 0.8 66.93000031
0.75 8 0.9 66.19000244
0.75 8 0.95 62.25
0.75 8 0.97 58.20999908
0.75 8 0.98 53.43999863
0.75 8 0.99 39.90000153
0.5 32 0 68.12000275
0.5 32 0.5 68.22000122
0.5 32 0.6 68.19999695
0.5 32 0.7 68.19000244
0.5 32 0.8 68.06999969
0.5 32 0.9 67.5
0.5 32 0.95 65.63999939
0.5 32 0.97 63.36999893
0.5 32 0.98 60.43999863
0.5 32 0.99 49.31000137
0.5 16 0 68.11000061
0.5 16 0.5 68.19999695
0.5 16 0.6 68.19000244
0.5 16 0.7 68.19000244
0.5 16 0.8 68.02999878
0.5 16 0.9 67.5
0.5 16 0.95 65.62999725
0.5 16 0.97 63.40000153
0.5 16 0.98 60.36000061
0.5 16 0.99 49.31000137
0.5 15 0 68.11000061
0.5 15 0.5 68.19999695
0.5 15 0.6 68.19000244
0.5 15 0.7 68.19000244
0.5 15 0.8 68.01999664
0.5 15 0.9 67.5
0.5 15 0.95 65.61000061
0.5 15 0.97 63.40000153
0.5 15 0.98 60.36000061
0.5 15 0.99 49.31000137
0.5 14 0 68.15000153
0.5 14 0.5 68.22000122
0.5 14 0.6 68.08000183
0.5 14 0.7 68.26999664
0.5 14 0.8 67.98000336
0.5 14 0.9 67.48000336
0.5 14 0.95 65.66000366
0.5 14 0.97 63.31000137
0.5 14 0.98 60.31000137
0.5 14 0.99 49.18999863
0.5 13 0 68.01000214
0.5 13 0.5 68.23000336
0.5 13 0.6 68.19000244
0.5 13 0.7 68.15000153
0.5 13 0.8 67.94999695
0.5 13 0.9 67.36000061
0.5 13 0.95 65.48999786
0.5 13 0.97 63.29999924
0.5 13 0.98 60.25999832
0.5 13 0.99 49.08000183
0.5 12 0 67.97000122
0.5 12 0.5 68.15000153
0.5 12 0.6 68.08000183
0.5 12 0.7 68.16999817
0.5 12 0.8 67.98000336
0.5 12 0.9 67.38999939
0.5 12 0.95 65.55000305
0.5 12 0.97 63.29999924
0.5 12 0.98 60.38000107
0.5 12 0.99 49.16999817
0.5 11 0 67.91000366
0.5 11 0.5 67.70999908
0.5 11 0.6 67.86000061
0.5 11 0.7 67.87000275
0.5 11 0.8 67.83999634
0.5 11 0.9 66.95999908
0.5 11 0.95 65.33000183
0.5 11 0.97 63.24000168
0.5 11 0.98 59.91999817
0.5 11 0.99 48.47999954
0.5 10 0 67.81999969
0.5 10 0.5 67.62000275
0.5 10 0.6 67.80000305
0.5 10 0.7 67.81999969
0.5 10 0.8 67.75
0.5 10 0.9 66.88999939
0.5 10 0.95 65.26999664
0.5 10 0.97 63.11999893
0.5 10 0.98 59.83000183
0.5 10 0.99 48.36999893
0.5 9 0 67.11000061
0.5 9 0.5 67.01999664
0.5 9 0.6 66.75
0.5 9 0.7 66.68000031
0.5 9 0.8 67.16999817
0.5 9 0.9 67.02999878
0.5 9 0.95 64.56999969
0.5 9 0.97 62.22999954
0.5 9 0.98 58.88000107
0.5 9 0.99 46.86999893
0.5 8 0 65.33999634
0.5 8 0.5 65.02999878
0.5 8 0.6 65.44000244
0.5 8 0.7 65.44999695
0.5 8 0.8 65.40000153
0.5 8 0.9 64.27999878
0.5 8 0.95 62.20000076
0.5 8 0.97 59.79000092
0.5 8 0.98 54.00999832
0.5 8 0.99 37.86999893
0.25 32 0 63.99000168
0.25 32 0.5 63.84999847
0.25 32 0.6 63.86999893
0.25 32 0.7 63.93999863
0.25 32 0.8 63.86000061
0.25 32 0.9 63.66999817
0.25 32 0.95 61.54999924
0.25 32 0.97 59.02999878
0.25 32 0.98 56.52000046
0.25 32 0.99 45.09000015
0.25 16 0 63.90999985
0.25 16 0.5 63.86000061
0.25 16 0.6 63.81999969
0.25 16 0.7 64.01999664
0.25 16 0.8 63.77999878
0.25 16 0.9 63.59000015
0.25 16 0.95 61.56000137
0.25 16 0.97 58.90000153
0.25 16 0.98 56.47000122
0.25 16 0.99 45.13000107
0.25 15 0 63.90999985
0.25 15 0.5 63.86000061
0.25 15 0.6 63.81999969
0.25 15 0.7 64.01999664
0.25 15 0.8 63.77999878
0.25 15 0.9 63.59000015
0.25 15 0.95 61.56000137
0.25 15 0.97 58.90000153
0.25 15 0.98 56.47000122
0.25 15 0.99 45.13000107
0.25 14 0 63.88000107
0.25 14 0.5 63.88000107
0.25 14 0.6 63.86999893
0.25 14 0.7 63.93000031
0.25 14 0.8 63.88000107
0.25 14 0.9 63.74000168
0.25 14 0.95 61.43000031
0.25 14 0.97 58.84000015
0.25 14 0.98 56.41999817
0.25 14 0.99 45.04000092
0.25 13 0 63.93000031
0.25 13 0.5 63.74000168
0.25 13 0.6 63.79000092
0.25 13 0.7 64
0.25 13 0.8 63.74000168
0.25 13 0.9 63.61999893
0.25 13 0.95 61.38000107
0.25 13 0.97 58.90999985
0.25 13 0.98 56.36000061
0.25 13 0.99 45.11000061
0.25 12 0 63.75
0.25 12 0.5 63.63999939
0.25 12 0.6 63.70999908
0.25 12 0.7 63.97999954
0.25 12 0.8 63.72999954
0.25 12 0.9 63.52999878
0.25 12 0.95 61.34999847
0.25 12 0.97 58.52000046
0.25 12 0.98 56.24000168
0.25 12 0.99 44.70999908
0.25 11 0 63.56000137
0.25 11 0.5 63.56999969
0.25 11 0.6 63.38999939
0.25 11 0.7 63.75
0.25 11 0.8 63.52000046
0.25 11 0.9 63.38000107
0.25 11 0.95 61.13000107
0.25 11 0.97 58.63999939
0.25 11 0.98 55.93000031
0.25 11 0.99 44.52000046
0.25 10 0 63.5
0.25 10 0.5 63.40000153
0.25 10 0.6 63.24000168
0.25 10 0.7 63.66999817
0.25 10 0.8 63.45000076
0.25 10 0.9 63.25999832
0.25 10 0.95 61
0.25 10 0.97 58.49000168
0.25 10 0.98 55.84999847
0.25 10 0.99 44.49000168
0.25 9 0 62.18000031
0.25 9 0.5 62.34000015
0.25 9 0.6 61.93000031
0.25 9 0.7 62.74000168
0.25 9 0.8 62.18000031
0.25 9 0.9 62.58000183
0.25 9 0.95 60.15999985
0.25 9 0.97 57.41999817
0.25 9 0.98 55.09999847
0.25 9 0.99 42.38999939
0.25 8 0 59.16999817
0.25 8 0.5 58.68999863
0.25 8 0.6 59.36999893
0.25 8 0.7 59.52000046
0.25 8 0.8 58.68000031
0.25 8 0.9 59.24000168
0.25 8 0.95 57.49000168
0.25 8 0.97 53.11999893
0.25 8 0.98 50.81000137
0.25 8 0.99 36.68000031
