VGG16
80.0
11.0
0.75
71.35
591136.4249999999
90.0
13.0
0.75
70.68
349307.88749999995
90.0
12.0
0.75
69.8
322438.05
95.0
16.0
0.75
68.31
214958.69999999998
90.0
12.0
0.5
67.68000031
143305.8
90.0
11.0
0.5
66.94999695
131363.65
95.0
15.0
0.5
65.40000153
89566.125
95.0
12.0
0.5
65.09999847
71652.9
95.0
12.0
0.5
65.09999847
71652.9
95.0
11.0
0.5
63.09000015
65681.825
ResNet18
90.0
15.0
1.0
70.16
525489.0
90.0
15.0
0.75
69.17
295587.5625
90.0
9.0
0.75
68.48
177352.53749999998
90.0
12.0
0.5
67.38999939
105097.79999999999
90.0
9.0
0.5
67.02999878
78823.34999999999
95.0
10.0
0.5
65.26999664
43790.75
95.0
9.0
0.5
64.56999969
39411.674999999996
90.0
10.0
0.25
63.25999832
21895.375
90.0
9.0
0.25
62.58000183
19705.837499999998
95.0
12.0
0.25
61.34999847
13137.224999999999
SqueezeNext
80.0
14.0
1.0
70.79
269192.0
80.0
13.0
0.75
69.74
140604.75
80.0
13.0
0.75
69.74
140604.75
80.0
13.0
0.5
67.83000183
62491.0
80.0
12.0
0.5
66.91999817
57684.0
90.0
13.0
0.5
65.91000366
31245.5
90.0
12.0
0.5
64.76999664
28842.0
90.0
12.0
0.5
64.76999664
28842.0
90.0
12.0
0.5
64.76999664
28842.0
90.0
12.0
0.5
64.76999664
28842.0
MobileNetV2
80.0
14.0
1.0
72.65
207989.6
80.0
13.0
0.75
71.61
108637.42499999999
90.0
15.0
0.75
70.54
62675.4375
90.0
13.0
0.75
69.77
54318.712499999994
80.0
13.0
0.5
68.59999847
48283.299999999996
90.0
13.0
0.5
67.30999756
24141.649999999998
70.0
15.0
0.25
66.33999634
20891.8125
80.0
13.0
0.25
65.59999847
12070.824999999999
80.0
13.0
0.25
65.59999847
12070.824999999999
90.0
14.0
0.25
63.33000183
6499.675
