VGG16
80.0
11.0
0.75
71.34999847
71.31234358234559
591136.4249999999
90.0
11.0
0.75
67.58999634
70.70419912907546
295568.21249999997
90.0
10.0
0.75
62.66999817
69.7723274446126
268698.375
95.0
11.0
0.75
64.55999756
68.44110972766848
147784.10624999998
90.0
11.0
0.5
66.94000244
67.6237585814199
131363.65
97.0
11.0
0.75
61.68000031
66.64658380220516
88670.46375
95.0
11.0
0.5
63.09000015
65.45926745905342
65681.825
95.0
10.0
0.5
58.13999939
64.59652325740544
59710.75
97.0
11.0
0.5
59.88999939
63.74292543911069
39409.095
97.0
10.0
0.5
56.40000153
62.902802390787976
35826.45
ResNet18
90.0
14.0
1.0
70.09999847
70.17999881610001
490456.39999999997
90.0
12.0
0.75
69.01000214
69.18583739294783
236470.05
90.0
9.0
0.75
68.48000336
68.57167064533844
177352.53749999998
95.0
12.0
0.75
66.73000336
67.263463864637
118235.025
90.0
9.0
0.5
67.02999878
66.42637104271506
78823.34999999999
95.0
12.0
0.5
65.55000305
65.15909217671039
52548.899999999994
95.0
9.0
0.5
64.56999969
64.58067108321316
39411.674999999996
97.0
12.0
0.5
63.29999924
63.44010407195707
31529.340000000004
90.0
9.0
0.25
62.58000183
62.39905205699589
19705.837499999998
95.0
12.0
0.25
61.34999847
61.208606173994
13137.224999999999
SqueezeNext
80.0
15.0
1.0
70.76999664
70.84025134936049
288420.0
80.0
14.0
0.75
70.16999817
69.76537947160554
151420.5
80.0
13.0
0.75
69.73999786
69.54130080699933
140604.75
90.0
14.0
0.75
67.91000366
67.74704413997806
75710.25
80.0
13.0
0.5
67.83000183
67.41849893683623
62491.0
90.0
15.0
0.5
66.19999695
65.77990329968524
36052.5
90.0
13.0
0.5
65.91000366
65.46805962954502
31245.5
90.0
13.0
0.5
65.91000366
65.46805962954502
31245.5
90.0
12.0
0.5
64.76999664
63.65205402598568
28842.0
95.0
15.0
0.5
61.38999939
61.78397212942213
18026.25
MobileNetV2
70.0
15.0
0.75
72.16000366210938
72.34152495691805
188026.3125
80.0
13.0
0.75
71.61000061035156
71.40508685561659
108637.42499999999
80.0
13.0
0.75
71.61000061035156
71.40508685561659
108637.42499999999
80.0
12.0
0.75
70.1500015258789
70.115940049646
100280.7
80.0
15.0
0.5
68.55000305175781
68.31966605672022
55711.5
80.0
13.0
0.5
68.5999984741211
67.75010153941976
48283.299999999996
70.0
15.0
0.25
66.33999633789062
66.27313944953256
20891.8125
80.0
13.0
0.25
65.5999984741211
65.41525467435862
12070.824999999999
80.0
13.0
0.25
65.5999984741211
65.41525467435862
12070.824999999999
80.0
12.0
0.25
63.91999816894531
64.23424824556287
11142.3
