VGG16
80.0
11.0
0.75
71.34999847
71.31234358234559
591136.425
90.0
14.0
0.75
70.69000244
70.52048641043332
376177.725
90.0
12.0
0.75
69.81999969
69.8713201753809
322438.05
95.0
15.0
0.75
68.29000092
68.30999756
201523.78125
90.0
12.0
0.5
67.68000031
67.34363620748304
143305.8
90.0
13.0
0.5
67.79000092
66.64278740355981
155247.94999999998
95.0
15.0
0.5
65.41999817
65.34002664301715
89566.125
95.0
12.0
0.5
65.08999634
64.50393528605686
71652.9
90.0
11.0
0.5
66.94000244
65.98090977873642
131363.65
95.0
11.0
0.5
63.09000015
63.28676063114073
65681.825
ResNet18
90.0
14.0
1.0
70.09999847
70.17999880085878
490456.39999999997
90.0
14.0
0.75
69.11000061
69.16999668553039
275881.725
90.0
9.0
0.75
68.48000336
68.57167064533844
177352.5375
95.0
10.0
1.0
67.76000214
67.1518589146647
175163.0
90.0
9.0
0.5
67.02999878
66.42637104271506
78823.35
95.0
12.0
0.5
65.55000305
65.15909217671039
52548.9
95.0
9.0
0.5
64.56999969
64.58067108321316
39411.675
97.0
12.0
0.5
63.29999924
63.44010407195707
31529.34
90.0
9.0
0.25
62.58000183
62.39905205699589
19705.8375
95.0
12.0
0.25
61.34999847
61.208606173994
13137.225
SqueezeNext
80.0
15.0
1.0
70.76999664
70.84025134936049
288420.0
80.0
14.0
0.75
70.16999817
69.76537947160554
151420.5
80.0
13.0
0.75
69.73999786
69.54130080699933
140604.75
90.0
14.0
0.75
67.91000366
67.74704413997806
75710.25
80.0
13.0
0.5
67.83000183
67.41849893683623
62491.0
90.0
15.0
0.5
66.19999695
65.77990329968524
36052.5
90.0
13.0
0.5
65.91000366
65.46805962954502
31245.5
90.0
13.0
0.5
65.91000366
65.46805962954502
31245.5
90.0
12.0
0.5
64.76999664
64.76999858814179
28842.0
95.0
13.0
0.5
60.72999954
62.40423077480501
15622.75
MobileNetV2
80.0
15.0
1.0
72.58999633789062
72.63860867546325
222846.0
80.0
13.0
0.75
71.61000061035156
71.40508685561659
108637.425
80.0
13.0
0.75
71.61000061035156
71.40508685561659
108637.425
80.0
12.0
0.75
70.1500015258789
70.115940049646
100280.7
80.0
15.0
0.5
68.55000305175781
68.31966605672022
55711.5
80.0
13.0
0.5
68.5999984741211
67.75010153941976
48283.3
70.0
15.0
0.25
66.33999633789062
66.27313944953256
20891.8125
80.0
13.0
0.25
65.5999984741211
65.41525467435862
12070.825
80.0
13.0
0.25
65.5999984741211
65.41525467435862
12070.825
80.0
12.0
0.25
63.91999816894531
64.23424824556287
11142.3
