	QConv2d-1	[-1,	128,	32,	32]	3,584
	QBatchNorm2d-2	[-1,	128,	32,	32]	256
	QConv2d-3	[-1,	32,	32,	32]	4,128
	QBatchNorm2d-4	[-1,	32,	32,	32]	64
	QConv2d-5	[-1,	16,	32,	32]	528
	QBatchNorm2d-6	[-1,	16,	32,	32]	32
	QConv2d-7	[-1,	32,	32,	32]	1,568
	QBatchNorm2d-8	[-1,	32,	32,	32]	64
	QConv2d-9	[-1,	32,	32,	32]	3,104
	QBatchNorm2d-10	[-1,	32,	32,	32]	64
	QConv2d-11	[-1,	64,	32,	32]	2,112
	QBatchNorm2d-12	[-1,	64,	32,	32]	128
	QConv2d-13	[-1,	64,	32,	32]	8,256
	QBatchNorm2d-14	[-1,	64,	32,	32]	128
	BasicBlock-15	[-1,	64,	32,	32]	0
	QConv2d-16	[-1,	32,	32,	32]	2,080
	QBatchNorm2d-17	[-1,	32,	32,	32]	64
	QConv2d-18	[-1,	16,	32,	32]	528
	QBatchNorm2d-19	[-1,	16,	32,	32]	32
	QConv2d-20	[-1,	32,	32,	32]	1,568
	QBatchNorm2d-21	[-1,	32,	32,	32]	64
	QConv2d-22	[-1,	32,	32,	32]	3,104
	QBatchNorm2d-23	[-1,	32,	32,	32]	64
	QConv2d-24	[-1,	64,	32,	32]	2,112
	QBatchNorm2d-25	[-1,	64,	32,	32]	128
	BasicBlock-26	[-1,	64,	32,	32]	0
	QConv2d-27	[-1,	64,	16,	16]	4,160
	QBatchNorm2d-28	[-1,	64,	16,	16]	128
	QConv2d-29	[-1,	32,	16,	16]	2,080
	QBatchNorm2d-30	[-1,	32,	16,	16]	64
	QConv2d-31	[-1,	64,	16,	16]	6,208
	QBatchNorm2d-32	[-1,	64,	16,	16]	128
	QConv2d-33	[-1,	64,	16,	16]	12,352
	QBatchNorm2d-34	[-1,	64,	16,	16]	128
	QConv2d-35	[-1,	128,	16,	16]	8,320
	QBatchNorm2d-36	[-1,	128,	16,	16]	256
	QConv2d-37	[-1,	128,	16,	16]	8,320
	QBatchNorm2d-38	[-1,	128,	16,	16]	256
	BasicBlock-39	[-1,	128,	16,	16]	0
	QConv2d-40	[-1,	64,	16,	16]	8,256
	QBatchNorm2d-41	[-1,	64,	16,	16]	128
	QConv2d-42	[-1,	32,	16,	16]	2,080
	QBatchNorm2d-43	[-1,	32,	16,	16]	64
	QConv2d-44	[-1,	64,	16,	16]	6,208
	QBatchNorm2d-45	[-1,	64,	16,	16]	128
	QConv2d-46	[-1,	64,	16,	16]	12,352
	QBatchNorm2d-47	[-1,	64,	16,	16]	128
	QConv2d-48	[-1,	128,	16,	16]	8,320
	QBatchNorm2d-49	[-1,	128,	16,	16]	256
	BasicBlock-50	[-1,	128,	16,	16]	0
	QConv2d-51	[-1,	64,	16,	16]	8,256
	QBatchNorm2d-52	[-1,	64,	16,	16]	128
	QConv2d-53	[-1,	32,	16,	16]	2,080
	QBatchNorm2d-54	[-1,	32,	16,	16]	64
	QConv2d-55	[-1,	64,	16,	16]	6,208
	QBatchNorm2d-56	[-1,	64,	16,	16]	128
	QConv2d-57	[-1,	64,	16,	16]	12,352
	QBatchNorm2d-58	[-1,	64,	16,	16]	128
	QConv2d-59	[-1,	128,	16,	16]	8,320
	QBatchNorm2d-60	[-1,	128,	16,	16]	256
	BasicBlock-61	[-1,	128,	16,	16]	0
	QConv2d-62	[-1,	64,	16,	16]	8,256
	QBatchNorm2d-63	[-1,	64,	16,	16]	128
	QConv2d-64	[-1,	32,	16,	16]	2,080
	QBatchNorm2d-65	[-1,	32,	16,	16]	64
	QConv2d-66	[-1,	64,	16,	16]	6,208
	QBatchNorm2d-67	[-1,	64,	16,	16]	128
	QConv2d-68	[-1,	64,	16,	16]	12,352
	QBatchNorm2d-69	[-1,	64,	16,	16]	128
	QConv2d-70	[-1,	128,	16,	16]	8,320
	QBatchNorm2d-71	[-1,	128,	16,	16]	256
	BasicBlock-72	[-1,	128,	16,	16]	0
	QConv2d-73	[-1,	128,	8,	8]	16,512
	QBatchNorm2d-74	[-1,	128,	8,	8]	256
	QConv2d-75	[-1,	64,	8,	8]	8,256
	QBatchNorm2d-76	[-1,	64,	8,	8]	128
	QConv2d-77	[-1,	128,	8,	8]	24,704
	QBatchNorm2d-78	[-1,	128,	8,	8]	256
	QConv2d-79	[-1,	128,	8,	8]	49,280
	QBatchNorm2d-80	[-1,	128,	8,	8]	256
	QConv2d-81	[-1,	256,	8,	8]	33,024
	QBatchNorm2d-82	[-1,	256,	8,	8]	512
	QConv2d-83	[-1,	256,	8,	8]	33,024
	QBatchNorm2d-84	[-1,	256,	8,	8]	512
	BasicBlock-85	[-1,	256,	8,	8]	0
	QConv2d-86	[-1,	128,	8,	8]	32,896
	QBatchNorm2d-87	[-1,	128,	8,	8]	256
	QConv2d-88	[-1,	64,	8,	8]	8,256
	QBatchNorm2d-89	[-1,	64,	8,	8]	128
	QConv2d-90	[-1,	128,	8,	8]	24,704
	QBatchNorm2d-91	[-1,	128,	8,	8]	256
	QConv2d-92	[-1,	128,	8,	8]	49,280
	QBatchNorm2d-93	[-1,	128,	8,	8]	256
	QConv2d-94	[-1,	256,	8,	8]	33,024
	QBatchNorm2d-95	[-1,	256,	8,	8]	512
	BasicBlock-96	[-1,	256,	8,	8]	0
	QConv2d-97	[-1,	128,	8,	8]	32,896
	QBatchNorm2d-98	[-1,	128,	8,	8]	256
	QConv2d-99	[-1,	64,	8,	8]	8,256
	QBatchNorm2d-100	[-1,	64,	8,	8]	128
	QConv2d-101	[-1,	128,	8,	8]	24,704
	QBatchNorm2d-102	[-1,	128,	8,	8]	256
	QConv2d-103	[-1,	128,	8,	8]	49,280
	QBatchNorm2d-104	[-1,	128,	8,	8]	256
	QConv2d-105	[-1,	256,	8,	8]	33,024
	QBatchNorm2d-106	[-1,	256,	8,	8]	512
	BasicBlock-107	[-1,	256,	8,	8]	0
	QConv2d-108	[-1,	128,	8,	8]	32,896
	QBatchNorm2d-109	[-1,	128,	8,	8]	256
	QConv2d-110	[-1,	64,	8,	8]	8,256
	QBatchNorm2d-111	[-1,	64,	8,	8]	128
	QConv2d-112	[-1,	128,	8,	8]	24,704
	QBatchNorm2d-113	[-1,	128,	8,	8]	256
	QConv2d-114	[-1,	128,	8,	8]	49,280
	QBatchNorm2d-115	[-1,	128,	8,	8]	256
	QConv2d-116	[-1,	256,	8,	8]	33,024
	QBatchNorm2d-117	[-1,	256,	8,	8]	512
	BasicBlock-118	[-1,	256,	8,	8]	0
	QConv2d-119	[-1,	128,	8,	8]	32,896
	QBatchNorm2d-120	[-1,	128,	8,	8]	256
	QConv2d-121	[-1,	64,	8,	8]	8,256
	QBatchNorm2d-122	[-1,	64,	8,	8]	128
	QConv2d-123	[-1,	128,	8,	8]	24,704
	QBatchNorm2d-124	[-1,	128,	8,	8]	256
	QConv2d-125	[-1,	128,	8,	8]	49,280
	QBatchNorm2d-126	[-1,	128,	8,	8]	256
	QConv2d-127	[-1,	256,	8,	8]	33,024
	QBatchNorm2d-128	[-1,	256,	8,	8]	512
	BasicBlock-129	[-1,	256,	8,	8]	0
	QConv2d-130	[-1,	128,	8,	8]	32,896
	QBatchNorm2d-131	[-1,	128,	8,	8]	256
	QConv2d-132	[-1,	64,	8,	8]	8,256
	QBatchNorm2d-133	[-1,	64,	8,	8]	128
	QConv2d-134	[-1,	128,	8,	8]	24,704
	QBatchNorm2d-135	[-1,	128,	8,	8]	256
	QConv2d-136	[-1,	128,	8,	8]	49,280
	QBatchNorm2d-137	[-1,	128,	8,	8]	256
	QConv2d-138	[-1,	256,	8,	8]	33,024
	QBatchNorm2d-139	[-1,	256,	8,	8]	512
	BasicBlock-140	[-1,	256,	8,	8]	0
	QConv2d-141	[-1,	128,	8,	8]	32,896
	QBatchNorm2d-142	[-1,	128,	8,	8]	256
	QConv2d-143	[-1,	64,	8,	8]	8,256
	QBatchNorm2d-144	[-1,	64,	8,	8]	128
	QConv2d-145	[-1,	128,	8,	8]	24,704
	QBatchNorm2d-146	[-1,	128,	8,	8]	256
	QConv2d-147	[-1,	128,	8,	8]	49,280
	QBatchNorm2d-148	[-1,	128,	8,	8]	256
	QConv2d-149	[-1,	256,	8,	8]	33,024
	QBatchNorm2d-150	[-1,	256,	8,	8]	512
	BasicBlock-151	[-1,	256,	8,	8]	0
	QConv2d-152	[-1,	128,	8,	8]	32,896
	QBatchNorm2d-153	[-1,	128,	8,	8]	256
	QConv2d-154	[-1,	64,	8,	8]	8,256
	QBatchNorm2d-155	[-1,	64,	8,	8]	128
	QConv2d-156	[-1,	128,	8,	8]	24,704
	QBatchNorm2d-157	[-1,	128,	8,	8]	256
	QConv2d-158	[-1,	128,	8,	8]	49,280
	QBatchNorm2d-159	[-1,	128,	8,	8]	256
	QConv2d-160	[-1,	256,	8,	8]	33,024
	QBatchNorm2d-161	[-1,	256,	8,	8]	512
	BasicBlock-162	[-1,	256,	8,	8]	0
	QConv2d-163	[-1,	128,	8,	8]	32,896
	QBatchNorm2d-164	[-1,	128,	8,	8]	256
	QConv2d-165	[-1,	64,	8,	8]	8,256
	QBatchNorm2d-166	[-1,	64,	8,	8]	128
	QConv2d-167	[-1,	128,	8,	8]	24,704
	QBatchNorm2d-168	[-1,	128,	8,	8]	256
	QConv2d-169	[-1,	128,	8,	8]	49,280
	QBatchNorm2d-170	[-1,	128,	8,	8]	256
	QConv2d-171	[-1,	256,	8,	8]	33,024
	QBatchNorm2d-172	[-1,	256,	8,	8]	512
	BasicBlock-173	[-1,	256,	8,	8]	0
	QConv2d-174	[-1,	128,	8,	8]	32,896
	QBatchNorm2d-175	[-1,	128,	8,	8]	256
	QConv2d-176	[-1,	64,	8,	8]	8,256
	QBatchNorm2d-177	[-1,	64,	8,	8]	128
	QConv2d-178	[-1,	128,	8,	8]	24,704
	QBatchNorm2d-179	[-1,	128,	8,	8]	256
	QConv2d-180	[-1,	128,	8,	8]	49,280
	QBatchNorm2d-181	[-1,	128,	8,	8]	256
	QConv2d-182	[-1,	256,	8,	8]	33,024
	QBatchNorm2d-183	[-1,	256,	8,	8]	512
	BasicBlock-184	[-1,	256,	8,	8]	0
	QConv2d-185	[-1,	128,	8,	8]	32,896
	QBatchNorm2d-186	[-1,	128,	8,	8]	256
	QConv2d-187	[-1,	64,	8,	8]	8,256
	QBatchNorm2d-188	[-1,	64,	8,	8]	128
	QConv2d-189	[-1,	128,	8,	8]	24,704
	QBatchNorm2d-190	[-1,	128,	8,	8]	256
	QConv2d-191	[-1,	128,	8,	8]	49,280
	QBatchNorm2d-192	[-1,	128,	8,	8]	256
	QConv2d-193	[-1,	256,	8,	8]	33,024
	QBatchNorm2d-194	[-1,	256,	8,	8]	512
	BasicBlock-195	[-1,	256,	8,	8]	0
	QConv2d-196	[-1,	128,	8,	8]	32,896
	QBatchNorm2d-197	[-1,	128,	8,	8]	256
	QConv2d-198	[-1,	64,	8,	8]	8,256
	QBatchNorm2d-199	[-1,	64,	8,	8]	128
	QConv2d-200	[-1,	128,	8,	8]	24,704
	QBatchNorm2d-201	[-1,	128,	8,	8]	256
	QConv2d-202	[-1,	128,	8,	8]	49,280
	QBatchNorm2d-203	[-1,	128,	8,	8]	256
	QConv2d-204	[-1,	256,	8,	8]	33,024
	QBatchNorm2d-205	[-1,	256,	8,	8]	512
	BasicBlock-206	[-1,	256,	8,	8]	0
	QConv2d-207	[-1,	128,	8,	8]	32,896
	QBatchNorm2d-208	[-1,	128,	8,	8]	256
	QConv2d-209	[-1,	64,	8,	8]	8,256
	QBatchNorm2d-210	[-1,	64,	8,	8]	128
	QConv2d-211	[-1,	128,	8,	8]	24,704
	QBatchNorm2d-212	[-1,	128,	8,	8]	256
	QConv2d-213	[-1,	128,	8,	8]	49,280
	QBatchNorm2d-214	[-1,	128,	8,	8]	256
	QConv2d-215	[-1,	256,	8,	8]	33,024
	QBatchNorm2d-216	[-1,	256,	8,	8]	512
	BasicBlock-217	[-1,	256,	8,	8]	0
	QConv2d-218	[-1,	128,	8,	8]	32,896
	QBatchNorm2d-219	[-1,	128,	8,	8]	256
	QConv2d-220	[-1,	64,	8,	8]	8,256
	QBatchNorm2d-221	[-1,	64,	8,	8]	128
	QConv2d-222	[-1,	128,	8,	8]	24,704
	QBatchNorm2d-223	[-1,	128,	8,	8]	256
	QConv2d-224	[-1,	128,	8,	8]	49,280
	QBatchNorm2d-225	[-1,	128,	8,	8]	256
	QConv2d-226	[-1,	256,	8,	8]	33,024
	QBatchNorm2d-227	[-1,	256,	8,	8]	512
	BasicBlock-228	[-1,	256,	8,	8]	0
	QConv2d-229	[-1,	256,	4,	4]	65,792
	QBatchNorm2d-230	[-1,	256,	4,	4]	512
	QConv2d-231	[-1,	128,	4,	4]	32,896
	QBatchNorm2d-232	[-1,	128,	4,	4]	256
	QConv2d-233	[-1,	256,	4,	4]	98,560
	QBatchNorm2d-234	[-1,	256,	4,	4]	512
	QConv2d-235	[-1,	256,	4,	4]	196,864
	QBatchNorm2d-236	[-1,	256,	4,	4]	512
	QConv2d-237	[-1,	512,	4,	4]	131,584
	QBatchNorm2d-238	[-1,	512,	4,	4]	1,024
	QConv2d-239	[-1,	512,	4,	4]	131,584
	QBatchNorm2d-240	[-1,	512,	4,	4]	1,024
	BasicBlock-241	[-1,	512,	4,	4]	0
	QConv2d-242	[-1,	256,	4,	4]	131,328
	QBatchNorm2d-243	[-1,	256,	4,	4]	512
	QLinear-244	[-1,	100]	25,700
	SqueezeNext-245	[-1,	100]	0
