1 32 0 71.73999786
1 32 0.5 71.33000183
1 32 0.6 71.36000061
1 32 0.7 71.19000244
1 32 0.8 70.86000061
1 32 0.9 68.80999756
1 32 0.95 64.62999725
1 32 0.97 59.59999847
1 32 0.98 54.93000031
1 32 0.99 37.41999817
1 16 0 71.72000122
1 16 0.5 71.25
1 16 0.6 71.33000183
1 16 0.7 71.13999939
1 16 0.8 70.76999664
1 16 0.9 68.73999786
1 16 0.95 64.16999817
1 16 0.97 58.81999969
1 16 0.98 53.81000137
1 16 0.99 32.38000107
1 15 0 71.72000122
1 15 0.5 71.25
1 15 0.6 71.33000183
1 15 0.7 71.13999939
1 15 0.8 70.76999664
1 15 0.9 68.73999786
1 15 0.95 64.16999817
1 15 0.97 58.81999969
1 15 0.98 53.81000137
1 15 0.99 32.38000107
1 14 0 71.61000061
1 14 0.5 71.26000214
1 14 0.6 71.23999786
1 14 0.7 70.88999939
1 14 0.8 70.79000092
1 14 0.9 68.48999786
1 14 0.95 63.88999939
1 14 0.97 58.52999878
1 14 0.98 50.09000015
1 14 0.99 23.79999924
1 13 0 71.37999725
1 13 0.5 71.15000153
1 13 0.6 71.01000214
1 13 0.7 70.93000031
1 13 0.8 70.04000092
1 13 0.9 67.91999817
1 13 0.95 61.61999893
1 13 0.97 50.33000183
1 13 0.98 46.65000153
1 13 0.99 1.399999976
1 12 0 69.40000153
1 12 0.5 70.31999969
1 12 0.6 70.45999908
1 12 0.7 70.62000275
1 12 0.8 69.45999908
1 12 0.9 64.43000031
1 12 0.95 42.59000015
1 12 0.97 15.15999985
1 12 0.98 23.30999947
1 12 0.99 3.339999914
1 11 0 65.94000244
1 11 0.5 68.34999847
1 11 0.6 68.80999756
1 11 0.7 66.66000366
1 11 0.8 66.79000092
1 11 0.9 51.20000076
1 11 0.95 15.53999996
1 11 0.97 17.18000031
1 11 0.98 6.489999771
1 11 0.99 1.75999999
1 10 0 65.62999725
1 10 0.5 67.97000122
1 10 0.6 68.48000336
1 10 0.7 66.23000336
1 10 0.8 66.55000305
1 10 0.9 51.15000153
1 10 0.95 15.47999954
1 10 0.97 17.07999992
1 10 0.98 4.449999809
1 10 0.99 1.830000043
1 9 0 41.22999954
1 9 0.5 54.77999878
1 9 0.6 54.25999832
1 9 0.7 52.06000137
1 9 0.8 48.02000046
1 9 0.9 17.18000031
1 9 0.95 2.049999952
1 9 0.97 3.730000019
1 9 0.98 1.960000038
1 9 0.99 1.159999967
1 8 0 6.679999828
1 8 0.5 19.47999954
1 8 0.6 15.22000027
1 8 0.7 13.84000015
1 8 0.8 10.63000011
1 8 0.9 4.820000172
1 8 0.95 2.930000067
1 8 0.97 2.049999952
1 8 0.98 1.120000005
1 8 0.99 1.519999981
0.75 32 0 70.76000214
0.75 32 0.5 70.56999969
0.75 32 0.6 70.65000153
0.75 32 0.7 70.47000122
0.75 32 0.8 70.47000122
0.75 32 0.9 68.12000275
0.75 32 0.95 63.65999985
0.75 32 0.97 57.90999985
0.75 32 0.98 53.15000153
0.75 32 0.99 33.54999924
0.75 16 0 70.61000061
0.75 16 0.5 70.58999634
0.75 16 0.6 70.48000336
0.75 16 0.7 70.40000153
0.75 16 0.8 70.44000244
0.75 16 0.9 67.98999786
0.75 16 0.95 63.63000107
0.75 16 0.97 57.75
0.75 16 0.98 52.68999863
0.75 16 0.99 10.77000046
0.75 15 0 70.61000061
0.75 15 0.5 70.58999634
0.75 15 0.6 70.48000336
0.75 15 0.7 70.40000153
0.75 15 0.8 70.44000244
0.75 15 0.9 67.98999786
0.75 15 0.95 63.63000107
0.75 15 0.97 57.75
0.75 15 0.98 52.68999863
0.75 15 0.99 10.77000046
0.75 14 0 70.48000336
0.75 14 0.5 70.47000122
0.75 14 0.6 70.48000336
0.75 14 0.7 70.34999847
0.75 14 0.8 70.16999817
0.75 14 0.9 67.91000366
0.75 14 0.95 63.54000092
0.75 14 0.97 57.56000137
0.75 14 0.98 51.34999847
0.75 14 0.99 9.420000076
0.75 13 0 69.97000122
0.75 13 0.5 70.26999664
0.75 13 0.6 70.33999634
0.75 13 0.7 70
0.75 13 0.8 69.73999786
0.75 13 0.9 67.43000031
0.75 13 0.95 62.65000153
0.75 13 0.97 55.90999985
0.75 13 0.98 47.84999847
0.75 13 0.99 1.159999967
0.75 12 0 69.33000183
0.75 12 0.5 69.18000031
0.75 12 0.6 69.13999939
0.75 12 0.7 68.51999664
0.75 12 0.8 68.33000183
0.75 12 0.9 65.23999786
0.75 12 0.95 58.38000107
0.75 12 0.97 36.45000076
0.75 12 0.98 27.39999962
0.75 12 0.99 1.75
0.75 11 0 64.81999969
0.75 11 0.5 65.36000061
0.75 11 0.6 65.29000092
0.75 11 0.7 64.29000092
0.75 11 0.8 62.65999985
0.75 11 0.9 57.95999908
0.75 11 0.95 31.85000038
0.75 11 0.97 12.28999996
0.75 11 0.98 8.369999886
0.75 11 0.99 1
0.75 10 0 64.55999756
0.75 10 0.5 65.11000061
0.75 10 0.6 65.09999847
0.75 10 0.7 64.15000153
0.75 10 0.8 62.45999908
0.75 10 0.9 57.86999893
0.75 10 0.95 31.84000015
0.75 10 0.97 12.21000004
0.75 10 0.98 7.019999981
0.75 10 0.99 1
0.75 9 0 46.77000046
0.75 9 0.5 47.58000183
0.75 9 0.6 45.81000137
0.75 9 0.7 43.84999847
0.75 9 0.8 44.90999985
0.75 9 0.9 29.38999939
0.75 9 0.95 13.73999977
0.75 9 0.97 6.010000229
0.75 9 0.98 1.419999957
0.75 9 0.99 1
0.75 8 0 8.930000305
0.75 8 0.5 10.90999985
0.75 8 0.6 13.31999969
0.75 8 0.7 5.449999809
0.75 8 0.8 8.069999695
0.75 8 0.9 4.929999828
0.75 8 0.95 3.619999886
0.75 8 0.97 1.669999957
0.75 8 0.98 1.299999952
0.75 8 0.99 1
0.5 32 0 68.59999847
0.5 32 0.5 68.69999695
0.5 32 0.6 68.63999939
0.5 32 0.7 68.66000366
0.5 32 0.8 68.19999695
0.5 32 0.9 66.15000153
0.5 32 0.95 61.5
0.5 32 0.97 55.43999863
0.5 32 0.98 50.04999924
0.5 32 0.99 30.48999977
0.5 16 0 68.51999664
0.5 16 0.5 68.62000275
0.5 16 0.6 68.61000061
0.5 16 0.7 68.73000336
0.5 16 0.8 68.04000092
0.5 16 0.9 66.19999695
0.5 16 0.95 61.38999939
0.5 16 0.97 54.72000122
0.5 16 0.98 48.11000061
0.5 16 0.99 16.48999977
0.5 15 0 68.51999664
0.5 15 0.5 68.62000275
0.5 15 0.6 68.61000061
0.5 15 0.7 68.73000336
0.5 15 0.8 68.04000092
0.5 15 0.9 66.19999695
0.5 15 0.95 61.38999939
0.5 15 0.97 54.72000122
0.5 15 0.98 48.11000061
0.5 15 0.99 16.48999977
0.5 14 0 68.26000214
0.5 14 0.5 68.5
0.5 14 0.6 68.48000336
0.5 14 0.7 68.44000244
0.5 14 0.8 68.01999664
0.5 14 0.9 66.19999695
0.5 14 0.95 61.43000031
0.5 14 0.97 54.36999893
0.5 14 0.98 48.25999832
0.5 14 0.99 1
0.5 13 0 68.02999878
0.5 13 0.5 68.15000153
0.5 13 0.6 68.37999725
0.5 13 0.7 68.30000305
0.5 13 0.8 67.83000183
0.5 13 0.9 65.91000366
0.5 13 0.95 60.72999954
0.5 13 0.97 46.95999908
0.5 13 0.98 42.95000076
0.5 13 0.99 1.169999957
0.5 12 0 67.33000183
0.5 12 0.5 67.80999756
0.5 12 0.6 67.37000275
0.5 12 0.7 67.5
0.5 12 0.8 66.91999817
0.5 12 0.9 64.76999664
0.5 12 0.95 56.72999954
0.5 12 0.97 30.47999954
0.5 12 0.98 17.42000008
0.5 12 0.99 1.610000014
0.5 11 0 64.87999725
0.5 11 0.5 65.22000122
0.5 11 0.6 63.86999893
0.5 11 0.7 64.66000366
0.5 11 0.8 64.01999664
0.5 11 0.9 59.86999893
0.5 11 0.95 43.33000183
0.5 11 0.97 20.45000076
0.5 11 0.98 3.599999905
0.5 11 0.99 1.49000001
0.5 10 0 64.48999786
0.5 10 0.5 64.83000183
0.5 10 0.6 63.5
0.5 10 0.7 64.27999878
0.5 10 0.8 63.79000092
0.5 10 0.9 59.75999832
0.5 10 0.95 43.31000137
0.5 10 0.97 20.35000038
0.5 10 0.98 2.75
0.5 10 0.99 1.480000019
0.5 9 0 44.50999832
0.5 9 0.5 45.27999878
0.5 9 0.6 42.93000031
0.5 9 0.7 40.43999863
0.5 9 0.8 37.49000168
0.5 9 0.9 30.25
0.5 9 0.95 6.679999828
0.5 9 0.97 3.049999952
0.5 9 0.98 1.269999981
0.5 9 0.99 1
0.5 8 0 11.80000019
0.5 8 0.5 11.68999958
0.5 8 0.6 10.32999992
0.5 8 0.7 10.72000027
0.5 8 0.8 8.06000042
0.5 8 0.9 3.849999905
0.5 8 0.95 1.909999967
0.5 8 0.97 1.879999995
0.5 8 0.98 1
0.5 8 0.99 1
0.25 32 0 60.45000076
0.25 32 0.5 60.27000046
0.25 32 0.6 60.34999847
0.25 32 0.7 60.29999924
0.25 32 0.8 60.29999924
0.25 32 0.9 59.54000092
0.25 32 0.95 54.63000107
0.25 32 0.97 48.15000153
0.25 32 0.98 42.43000031
0.25 32 0.99 21.39999962
0.25 16 0 60.36999893
0.25 16 0.5 60.18999863
0.25 16 0.6 60.13999939
0.25 16 0.7 60.34999847
0.25 16 0.8 60.20999908
0.25 16 0.9 59.36000061
0.25 16 0.95 54.65000153
0.25 16 0.97 48
0.25 16 0.98 41.93999863
0.25 16 0.99 6.909999847
0.25 15 0 60.40000153
0.25 15 0.5 60.20999908
0.25 15 0.6 60.20999908
0.25 15 0.7 60.33000183
0.25 15 0.8 60.20999908
0.25 15 0.9 59.36000061
0.25 15 0.95 54.65000153
0.25 15 0.97 48
0.25 15 0.98 41.93999863
0.25 15 0.99 6.909999847
0.25 14 0 60.25999832
0.25 14 0.5 60.31000137
0.25 14 0.6 60.20999908
0.25 14 0.7 59.99000168
0.25 14 0.8 60.04000092
0.25 14 0.9 59.40000153
0.25 14 0.95 54.41999817
0.25 14 0.97 47.20000076
0.25 14 0.98 41.52000046
0.25 14 0.99 7.670000076
0.25 13 0 59.77999878
0.25 13 0.5 59.54000092
0.25 13 0.6 59.65000153
0.25 13 0.7 59.52999878
0.25 13 0.8 59.65000153
0.25 13 0.9 58.52999878
0.25 13 0.95 53.79000092
0.25 13 0.97 46.45999908
0.25 13 0.98 35.54000092
0.25 13 0.99 2.49000001
0.25 12 0 58.02999878
0.25 12 0.5 57.59000015
0.25 12 0.6 58.18000031
0.25 12 0.7 57.75999832
0.25 12 0.8 57.13999939
0.25 12 0.9 56.86000061
0.25 12 0.95 50.08000183
0.25 12 0.97 36.97999954
0.25 12 0.98 28.12000084
0.25 12 0.99 1.00999999
0.25 11 0 50.91999817
0.25 11 0.5 50.47000122
0.25 11 0.6 51.06999969
0.25 11 0.7 50.61999893
0.25 11 0.8 49.61999893
0.25 11 0.9 47.34000015
0.25 11 0.95 38.59999847
0.25 11 0.97 4.5
0.25 11 0.98 10.03999996
0.25 11 0.99 1.110000014
0.25 10 0 51.09000015
0.25 10 0.5 50.47000122
0.25 10 0.6 50.77999878
0.25 10 0.7 50.08000183
0.25 10 0.8 49.84000015
0.25 10 0.9 47.34000015
0.25 10 0.95 39.00999832
0.25 10 0.97 3.230000019
0.25 10 0.98 9.510000229
0.25 10 0.99 1.379999995
0.25 9 0 23.03000069
0.25 9 0.5 24.36000061
0.25 9 0.6 23.61000061
0.25 9 0.7 21.17000008
0.25 9 0.8 21.76000023
0.25 9 0.9 20.55999947
0.25 9 0.95 9.270000458
0.25 9 0.97 2.75
0.25 9 0.98 5.650000095
0.25 9 0.99 1.019999981
0.25 8 0 3.910000086
0.25 8 0.5 3.640000105
0.25 8 0.6 3.650000095
0.25 8 0.7 3.269999981
0.25 8 0.8 3.119999886
0.25 8 0.9 2.670000076
0.25 8 0.95 2.519999981
0.25 8 0.97 1.519999981
0.25 8 0.98 1.179999948
0.25 8 0.99 1.00999999
