VGG16
80.0
11.0
0.75
71.34999847
71.31234358234559
591136.425
70.0
11.0
0.75
71.81999969
71.10108784069847
886704.6375
90.0
11.0
0.75
67.58999634
69.86768563698269
295568.21249999997
90.0
11.0
0.75
67.58999634
69.0444250158092
295568.21249999997
90.0
11.0
0.75
67.58999634
67.58999634000001
295568.2125
90.0
11.0
0.5
66.94000244
66.85177435612745
131363.65
90.0
11.0
0.5
66.94000244
65.96731400247182
131363.65
95.0
11.0
0.75
64.55999756
65.02064839303347
147784.10625
90.0
11.0
0.5
66.94000244
63.52673506054678
131363.65
95.0
11.0
0.5
63.09000015
62.31676906735355
65681.825
ResNet18
80.0
12.0
1.0
70.5
70.40436320243008
840782.4
90.0
10.0
1.0
69.66999817
69.27846341024383
350326.0
90.0
9.0
0.75
68.48000336
68.57167064533844
177352.5375
90.0
9.0
0.75
68.48000336
68.2138335151448
177352.5375
90.0
9.0
0.5
67.02999878
66.42637104271506
78823.35
95.0
12.0
0.5
65.55000305
65.15909217671039
52548.9
95.0
9.0
0.5
64.56999969
64.58067108321316
39411.675
97.0
12.0
0.5
63.29999924
63.44010407195707
31529.34
90.0
9.0
0.25
62.58000183
62.39905205699589
19705.8375
95.0
12.0
0.25
61.34999847
61.208606173994
13137.225
SqueezeNext
80.0
15.0
1.0
70.76999664
70.84025134936049
288420.0
80.0
14.0
0.75
70.16999817
69.76537947160554
151420.5
80.0
13.0
0.75
69.73999786
69.54130080699933
140604.75
90.0
14.0
0.75
67.91000366
67.74704413997806
75710.25
80.0
13.0
0.5
67.83000183
67.41849893683623
62491.0
90.0
15.0
0.5
66.19999695
65.77990329968524
36052.5
90.0
13.0
0.5
65.91000366
65.46805962954502
31245.5
90.0
13.0
0.5
65.91000366
65.46805962954502
31245.5
95.0
13.0
0.5
60.72999954
63.03989835732251
15622.75
95.0
13.0
0.5
60.72999954
62.88642405962392
15622.75
MobileNetV2
80.0
15.0
1.0
72.58999633789062
72.66316278023706
222846.0
80.0
13.0
0.75
71.61000061035156
71.40508685561659
108637.425
80.0
13.0
0.75
71.61000061035156
71.40508685561659
108637.425
80.0
12.0
0.75
70.1500015258789
70.115940049646
100280.7
80.0
15.0
0.5
68.55000305175781
68.31966605672022
55711.5
80.0
13.0
0.5
68.5999984741211
67.75010153941976
48283.3
70.0
15.0
0.25
66.33999633789062
66.27313944953256
20891.8125
80.0
13.0
0.25
65.5999984741211
65.41525467435862
12070.825
80.0
13.0
0.25
65.5999984741211
65.41525467435862
12070.825
80.0
12.0
0.25
63.91999816894531
64.23424824556287
11142.3
