VGG16
80.0
11.0
0.75
71.34999847
71.31234358234559
591136.425
80.0
11.0
0.75
71.34999847
71.10108784069847
591136.425
90.0
12.0
0.75
69.81999969
69.86768563698269
322438.05
90.0
12.0
0.75
69.81999969
69.0444250158092
322438.05
90.0
11.0
0.75
67.58999634
67.58999634000001
295568.2125
90.0
11.0
0.5
66.94000244
66.85177435612745
131363.65
90.0
11.0
0.5
66.94000244
65.96731400247182
131363.65
95.0
11.0
0.75
64.55999756
65.02064839303347
147784.10625
95.0
12.0
0.5
65.08999634
63.52673506054678
71652.9
95.0
11.0
0.5
63.09000015
62.31676906735355
65681.825
ResNet18
80.0
10.0
1.0
70.34999847
70.40436320243008
700652.0
90.0
10.0
1.0
69.66999817
69.27846341024383
350326.0
90.0
9.0
0.75
68.48000336
68.57167064533844
177352.5375
90.0
9.0
0.75
68.48000336
68.2138335151448
177352.5375
90.0
9.0
0.5
67.02999878
66.42637104271506
78823.35
95.0
10.0
0.5
65.26999664
65.15909217671039
43790.75
95.0
9.0
0.5
64.56999969
64.58067108321316
39411.675
97.0
11.0
0.5
63.24000168
63.44010407195707
28901.895
90.0
9.0
0.25
62.58000183
62.39905205699589
19705.8375
95.0
12.0
0.25
61.34999847
61.208606173994
13137.225
SqueezeNext
80.0
14.0
1.0
70.79000092
70.84025134936049
269192.0
80.0
14.0
0.75
70.16999817
69.76537947160554
151420.5
80.0
13.0
0.75
69.73999786
69.54130080699933
140604.75
90.0
14.0
0.75
67.91000366
67.74704413997806
75710.25
80.0
12.0
0.5
66.91999817
67.41849893683623
57684.0
90.0
13.0
0.5
65.91000366
65.77990329968524
31245.5
90.0
12.0
0.5
64.76999664
65.46805962954502
28842.0
90.0
12.0
0.5
64.76999664
65.46805962954502
28842.0
90.0
12.0
0.5
64.76999664
63.03989835732251
28842.0
90.0
12.0
0.5
64.76999664
62.88642405962392
28842.0
MobileNetV2
80.0
14.0
1.0
72.6500015258789
72.66316278023706
207989.6
80.0
13.0
0.75
71.61000061035156
71.40508685561659
108637.425
80.0
13.0
0.75
71.61000061035156
71.40508685561659
108637.425
80.0
12.0
0.75
70.1500015258789
70.115940049646
100280.7
80.0
13.0
0.5
68.5999984741211
68.31966605672022
48283.3
90.0
13.0
0.5
67.30999755859375
67.75010153941976
24141.65
70.0
15.0
0.25
66.33999633789062
66.27313944953256
20891.8125
80.0
13.0
0.25
65.5999984741211
65.41525467435862
12070.825
80.0
13.0
0.25
65.5999984741211
65.41525467435862
12070.825
80.0
12.0
0.25
63.91999816894531
64.23424824556287
11142.3
