1 32 0 72.3
1 32 0.5 72.3
1 32 0.6 72.13999939
1 32 0.7 72.12000275
1 32 0.8 71.52999878
1 32 0.9 70.91999817
1 32 0.95 68.65000153
1 32 0.97 66.84999847
1 32 0.98 63.90000153
1 32 0.99 53.74000168
1 16 0 72.3
1 16 0.5 72.29000092
1 16 0.6 72.12999725
1 16 0.7 72.04000092
1 16 0.8 71.47000122
1 16 0.9 70.83999634
1 16 0.95 68.38999939
1 16 0.97 66.73000336
1 16 0.98 63.95000076
1 16 0.99 53.63000107
1 15 0 72.3
1 15 0.5 72.3
1 15 0.6 72.16999817
1 15 0.7 72.06999969
1 15 0.8 71.47000122
1 15 0.9 70.83999634
1 15 0.95 68.43000031
1 15 0.97 66.73000336
1 15 0.98 63.95000076
1 15 0.99 53.65999985
1 14 0 72.27999878
1 14 0.5 72.25
1 14 0.6 72.19000244
1 14 0.7 72
1 14 0.8 71.56999969
1 14 0.9 70.73000336
1 14 0.95 68.47000122
1 14 0.97 66.69999695
1 14 0.98 63.58000183
1 14 0.99 53.56000137
1 13 0 72.25
1 13 0.5 72.26000214
1 13 0.6 72.11000061
1 13 0.7 72.01000214
1 13 0.8 71.26999664
1 13 0.9 70.73999786
1 13 0.95 68.12999725
1 13 0.97 66.44999695
1 13 0.98 63.22000122
1 13 0.99 53.22000122
1 12 0 72.3
1 12 0.5 72.20999908
1 12 0.6 72.19000244
1 12 0.7 71.79000092
1 12 0.8 71.26000214
1 12 0.9 69.26999664
1 12 0.95 66.83999634
1 12 0.97 65.25
1 12 0.98 61.22999954
1 12 0.99 50.06000137
1 11 0 72.08000183
1 11 0.5 72.12000275
1 11 0.6 71.88999939
1 11 0.7 71
1 11 0.8 69.59999847
1 11 0.9 64.18000031
1 11 0.95 60.61999893
1 11 0.97 59.81000137
1 11 0.98 56.09999847
1 11 0.99 41.68999863
1 10 0 71.12999725
1 10 0.5 71.34999847
1 10 0.6 70.83000183
1 10 0.7 69.43000031
1 10 0.8 68.04000092
1 10 0.9 61.70000076
1 10 0.95 57.43000031
1 10 0.97 57.13000107
1 10 0.98 53.61999893
1 10 0.99 40.95999908
1 9 0 70.37999725
1 9 0.5 70.09999847
1 9 0.6 68.58000183
1 9 0.7 64.44999695
1 9 0.8 54.43000031
1 9 0.9 35.33000183
1 9 0.95 33.50999832
1 9 0.97 37.97000122
1 9 0.98 37.02999878
1 9 0.99 24.03000069
1 8 0 62.40000153
1 8 0.5 57.50999832
1 8 0.6 44.91999817
1 8 0.7 27.88999939
1 8 0.8 11.34000015
1 8 0.9 3.74000001
1 8 0.95 8.270000458
1 8 0.97 16.62000084
1 8 0.98 14.38000011
1 8 0.99 13.05000019
0.75 32 0 72.3
0.75 32 0.5 72.3
0.75 32 0.6 72.3
0.75 32 0.7 72.3
0.75 32 0.8 72.12000275
0.75 32 0.9 70.81999969
0.75 32 0.95 68.30999756
0.75 32 0.97 65.45999908
0.75 32 0.98 62.83000183
0.75 32 0.99 50.65999985
0.75 16 0 72.3
0.75 16 0.5 72.3
0.75 16 0.6 72.3
0.75 16 0.7 72.25
0.75 16 0.8 72.12000275
0.75 16 0.9 70.75
0.75 16 0.95 68.30000305
0.75 16 0.97 65.23000336
0.75 16 0.98 62.79999924
0.75 16 0.99 50.79000092
0.75 15 0 72.3
0.75 15 0.5 72.3
0.75 15 0.6 72.3
0.75 15 0.7 72.25
0.75 15 0.8 72.12000275
0.75 15 0.9 70.73999786
0.75 15 0.95 68.29000092
0.75 15 0.97 65.25
0.75 15 0.98 62.79999924
0.75 15 0.99 50.83000183
0.75 14 0 72.3
0.75 14 0.5 72.3
0.75 14 0.6 72.3
0.75 14 0.7 72.20999908
0.75 14 0.8 72.02999878
0.75 14 0.9 70.69000244
0.75 14 0.95 68.01999664
0.75 14 0.97 65.34999847
0.75 14 0.98 62.77999878
0.75 14 0.99 50.52999878
0.75 13 0 72.3
0.75 13 0.5 72.3
0.75 13 0.6 72.3
0.75 13 0.7 72.23999786
0.75 13 0.8 72
0.75 13 0.9 70.62000275
0.75 13 0.95 68.19999695
0.75 13 0.97 65.20999908
0.75 13 0.98 62.00999832
0.75 13 0.99 50
0.75 12 0 72.16999817
0.75 12 0.5 72.3
0.75 12 0.6 72.3
0.75 12 0.7 72.08000183
0.75 12 0.8 71.90000153
0.75 12 0.9 69.81999969
0.75 12 0.95 67.43000031
0.75 12 0.97 64.66999817
0.75 12 0.98 61.40000153
0.75 12 0.99 48.70999908
0.75 11 0 71.95999908
0.75 11 0.5 72.3
0.75 11 0.6 72.12000275
0.75 11 0.7 71.81999969
0.75 11 0.8 71.34999847
0.75 11 0.9 67.58999634
0.75 11 0.95 64.55999756
0.75 11 0.97 61.68000031
0.75 11 0.98 58.66999817
0.75 11 0.99 42.29000092
0.75 10 0 69.13999939
0.75 10 0.5 69.77999878
0.75 10 0.6 69.05000305
0.75 10 0.7 68.55999756
0.75 10 0.8 68.02999878
0.75 10 0.9 62.66999817
0.75 10 0.95 59.65000153
0.75 10 0.97 56.84999847
0.75 10 0.98 54.13999939
0.75 10 0.99 41.36999893
0.75 9 0 68
0.75 9 0.5 68.05000305
0.75 9 0.6 67.75
0.75 9 0.7 66.16999817
0.75 9 0.8 61.24000168
0.75 9 0.9 49.00999832
0.75 9 0.95 46.20999908
0.75 9 0.97 46.20999908
0.75 9 0.98 42.49000168
0.75 9 0.99 23.11000061
0.75 8 0 62.04000092
0.75 8 0.5 61.18999863
0.75 8 0.6 58.00999832
0.75 8 0.7 47.13000107
0.75 8 0.8 24.56999969
0.75 8 0.9 10.27000046
0.75 8 0.95 18.38999939
0.75 8 0.97 23.71999931
0.75 8 0.98 25.75
0.75 8 0.99 15.77999973
0.5 32 0 69.15000153
0.5 32 0.5 68.94000244
0.5 32 0.6 69.01999664
0.5 32 0.7 69.01999664
0.5 32 0.8 68.93000031
0.5 32 0.9 67.93000031
0.5 32 0.95 65.33999634
0.5 32 0.97 62.15999985
0.5 32 0.98 58.83000183
0.5 32 0.99 44.00999832
0.5 16 0 69.13999939
0.5 16 0.5 68.93000031
0.5 16 0.6 68.95999908
0.5 16 0.7 68.97000122
0.5 16 0.8 68.83000183
0.5 16 0.9 67.86000061
0.5 16 0.95 65.40000153
0.5 16 0.97 62.27999878
0.5 16 0.98 58.61999893
0.5 16 0.99 43.93000031
0.5 15 0 69.12999725
0.5 15 0.5 68.94000244
0.5 15 0.6 68.95999908
0.5 15 0.7 68.98999786
0.5 15 0.8 68.83000183
0.5 15 0.9 67.86000061
0.5 15 0.95 65.41999817
0.5 15 0.97 62.27000046
0.5 15 0.98 58.61999893
0.5 15 0.99 43.93000031
0.5 14 0 69.06999969
0.5 14 0.5 68.90000153
0.5 14 0.6 68.94000244
0.5 14 0.7 68.98999786
0.5 14 0.8 68.90000153
0.5 14 0.9 67.84999847
0.5 14 0.95 65.19999695
0.5 14 0.97 62.18999863
0.5 14 0.98 58.59000015
0.5 14 0.99 43.93999863
0.5 13 0 69.01999664
0.5 13 0.5 68.88999939
0.5 13 0.6 68.94000244
0.5 13 0.7 68.84999847
0.5 13 0.8 68.80999756
0.5 13 0.9 67.79000092
0.5 13 0.95 65.13999939
0.5 13 0.97 62
0.5 13 0.98 58.40999985
0.5 13 0.99 43.68999863
0.5 12 0 68.94999695
0.5 12 0.5 68.95999908
0.5 12 0.6 68.93000031
0.5 12 0.7 68.87999725
0.5 12 0.8 68.54000092
0.5 12 0.9 67.68000031
0.5 12 0.95 65.08999634
0.5 12 0.97 61.50999832
0.5 12 0.98 57.56999969
0.5 12 0.99 43.20999908
0.5 11 0 68.83999634
0.5 11 0.5 68.52999878
0.5 11 0.6 68.58000183
0.5 11 0.7 68.58000183
0.5 11 0.8 68.31999969
0.5 11 0.9 66.94000244
0.5 11 0.95 63.09000015
0.5 11 0.97 59.88999939
0.5 11 0.98 55.50999832
0.5 11 0.99 40.04000092
0.5 10 0 62.34999847
0.5 10 0.5 61.77000046
0.5 10 0.6 61.81999969
0.5 10 0.7 60.63000107
0.5 10 0.8 60.5
0.5 10 0.9 61.06999969
0.5 10 0.95 58.13999939
0.5 10 0.97 56.40000153
0.5 10 0.98 52.34999847
0.5 10 0.99 39.65000153
0.5 9 0 60.70000076
0.5 9 0.5 60.83000183
0.5 9 0.6 60.83000183
0.5 9 0.7 59.11999893
0.5 9 0.8 57.61000061
0.5 9 0.9 54.09000015
0.5 9 0.95 48.83000183
0.5 9 0.97 47.66999817
0.5 9 0.98 43.95999908
0.5 9 0.99 31.06999969
0.5 8 0 55.36000061
0.5 8 0.5 55.52999878
0.5 8 0.6 54.79999924
0.5 8 0.7 52.33000183
0.5 8 0.8 43.93000031
0.5 8 0.9 21.70000076
0.5 8 0.95 22.36000061
0.5 8 0.97 24.86000061
0.5 8 0.98 27.19000053
0.5 8 0.99 17.89999962
0.25 32 0 62.65999985
0.25 32 0.5 62.59999847
0.25 32 0.6 62.56999969
0.25 32 0.7 62.79999924
0.25 32 0.8 62.63000107
0.25 32 0.9 61.61999893
0.25 32 0.95 58.29000092
0.25 32 0.97 53.95999908
0.25 32 0.98 50.13999939
0.25 32 0.99 35.49000168
0.25 16 0 62.63000107
0.25 16 0.5 62.5
0.25 16 0.6 62.61000061
0.25 16 0.7 62.79999924
0.25 16 0.8 62.59000015
0.25 16 0.9 61.58000183
0.25 16 0.95 58.25999832
0.25 16 0.97 53.93000031
0.25 16 0.98 50.06999969
0.25 16 0.99 35.45999908
0.25 15 0 62.59999847
0.25 15 0.5 62.5
0.25 15 0.6 62.59000015
0.25 15 0.7 62.81000137
0.25 15 0.8 62.59000015
0.25 15 0.9 61.58000183
0.25 15 0.95 58.25999832
0.25 15 0.97 53.90999985
0.25 15 0.98 50.06999969
0.25 15 0.99 35.47000122
0.25 14 0 62.54999924
0.25 14 0.5 62.54000092
0.25 14 0.6 62.56999969
0.25 14 0.7 62.77000046
0.25 14 0.8 62.65000153
0.25 14 0.9 61.68999863
0.25 14 0.95 58.36000061
0.25 14 0.97 54
0.25 14 0.98 50.22999954
0.25 14 0.99 35.43999863
0.25 13 0 62.54999924
0.25 13 0.5 62.58000183
0.25 13 0.6 62.72000122
0.25 13 0.7 62.65000153
0.25 13 0.8 62.43000031
0.25 13 0.9 61.77000046
0.25 13 0.95 58.31999969
0.25 13 0.97 54.00999832
0.25 13 0.98 50.00999832
0.25 13 0.99 35.50999832
0.25 12 0 62.29000092
0.25 12 0.5 62.54000092
0.25 12 0.6 62.45999908
0.25 12 0.7 62.70000076
0.25 12 0.8 62.36999893
0.25 12 0.9 61.63999939
0.25 12 0.95 57.97999954
0.25 12 0.97 53.61000061
0.25 12 0.98 49.65999985
0.25 12 0.99 35.11999893
0.25 11 0 62.00999832
0.25 11 0.5 62.20000076
0.25 11 0.6 61.90999985
0.25 11 0.7 61.88999939
0.25 11 0.8 62.06000137
0.25 11 0.9 61.08000183
0.25 11 0.95 57.25
0.25 11 0.97 52.93999863
0.25 11 0.98 48.88000107
0.25 11 0.99 33.95000076
0.25 10 0 55.40000153
0.25 10 0.5 55.29999924
0.25 10 0.6 54.88000107
0.25 10 0.7 55.29999924
0.25 10 0.8 54.74000168
0.25 10 0.9 55.09000015
0.25 10 0.95 54.61999893
0.25 10 0.97 51.22999954
0.25 10 0.98 47.95000076
0.25 10 0.99 33.91999817
0.25 9 0 53.90000153
0.25 9 0.5 53.04999924
0.25 9 0.6 53.81000137
0.25 9 0.7 53.70000076
0.25 9 0.8 52.88999939
0.25 9 0.9 53.36999893
0.25 9 0.95 52.74000168
0.25 9 0.97 47.97000122
0.25 9 0.98 43.45000076
0.25 9 0.99 29.92000008
0.25 8 0 47.86999893
0.25 8 0.5 47.88999939
0.25 8 0.6 48.59999847
0.25 8 0.7 48.52000046
0.25 8 0.8 47.54000092
0.25 8 0.9 43.56000137
0.25 8 0.95 35.41999817
0.25 8 0.97 31.55999947
0.25 8 0.98 27.89999962
0.25 8 0.99 19.64999962
