1 0 32 72.834
1 0 16 68.184
1 0 14 68.152
1 0 12 68.152
1 0 10 67.826
1 0 8 62.746
1 10 32 72.584
1 10 16 68.162
1 10 14 68.264
1 10 12 68.21
1 10 10 68.038
1 10 8 63.326
1 30 32 72.31
1 30 16 69.548
1 30 14 69.49
1 30 12 69.436
1 30 10 68.958
1 30 8 65.486
1 50 32 70.73
1 50 16 69.482
1 50 14 69.384
1 50 12 69.262
1 50 10 68.55
1 50 8 64.67
1 70 32 66.194
1 70 16 65.85
1 70 14 65.796
1 70 12 65.376
1 70 10 63.39
1 70 8 53.544
1 90 32 46.736
1 90 16 45.36
1 90 14 45.212
1 90 12 42.16
1 90 10 34.164
1 90 8 9.168
0.75 0 32 69.952
0.75 0 16 65.48
0.75 0 14 64.864
0.75 0 12 56.594
0.75 0 10 35.39
0.75 0 8 3.816
0.75 10 32 69.832
0.75 10 16 65.45
0.75 10 14 64.99
0.75 10 12 56.852
0.75 10 10 35.932
0.75 10 8 3.538
0.75 30 32 69.286
0.75 30 16 65.544
0.75 30 14 64.676
0.75 30 12 52.82
0.75 30 10 28.436
0.75 30 8 0.982
0.75 50 32 67.442
0.75 50 16 64.222
0.75 50 14 63.002
0.75 50 12 42.806
0.75 50 10 11.89
0.75 50 8 0.214
0.75 70 32 62.22
0.75 70 16 59.882
0.75 70 14 55.424
0.75 70 12 6.482
0.75 70 10 0.266
0.75 70 8 0.114
0.75 90 32 41.652
0.75 90 16 38.562
0.75 90 14 24.954
0.75 90 12 0.15
0.75 90 10 0.11
0.75 90 8 0.108
0.5 0 32 64.592
0.5 0 16 62.29
0.5 0 14 62.074
0.5 0 12 58.428
0.5 0 10 47.536
0.5 0 8 16.062
0.5 10 32 64.324
0.5 10 16 62.452
0.5 10 14 62.152
0.5 10 12 58.402
0.5 10 10 46.708
0.5 10 8 15.086
0.5 30 32 63.596
0.5 30 16 62.168
0.5 30 14 61.852
0.5 30 12 57.39
0.5 30 10 44.028
0.5 30 8 11.392
0.5 50 32 61.536
0.5 50 16 60.818
0.5 50 14 60.288
0.5 50 12 52.426
0.5 50 10 33.208
0.5 50 8 2.48
0.5 70 32 55.912
0.5 70 16 54.832
0.5 70 14 53.604
0.5 70 12 33.132
0.5 70 10 6.584
0.5 70 8 0.184
0.5 90 32 35.962
0.5 90 16 32.802
0.5 90 14 26.858
0.5 90 12 0.928
0.5 90 10 0.13
0.5 90 8 0.108
0.25 0 32 52.352
0.25 0 16 48.948
0.25 0 14 48.848
0.25 0 12 47.376
0.25 0 10 42.906
0.25 0 8 27.482
0.25 10 32 52.112
0.25 10 16 49.082
0.25 10 14 48.972
0.25 10 12 47.668
0.25 10 10 42.996
0.25 10 8 27.192
0.25 30 32 51.656
0.25 30 16 49.312
0.25 30 14 49.112
0.25 30 12 47.7
0.25 30 10 42.594
0.25 30 8 25.88
0.25 50 32 49.75
0.25 50 16 48.23
0.25 50 14 48.208
0.25 50 12 46.042
0.25 50 10 39.686
0.25 50 8 20.588
0.25 70 32 44.578
0.25 70 16 43.506
0.25 70 14 43.34
0.25 70 12 40.256
0.25 70 10 32.03
0.25 70 8 10.306
0.25 90 32 29.48
0.25 90 16 27.744
0.25 90 14 27.584
0.25 90 12 20.634
0.25 90 10 8.838
0.25 90 8 0.752
