1 32 0 72.834
1 16 0 68.184
1 14 0 68.152
1 12 0 68.152
1 10 0 67.826
1 8 0 62.746
1 32 0.1 72.584
1 16 0.1 68.162
1 14 0.1 68.264
1 12 0.1 68.21
1 10 0.1 68.038
1 8 0.1 63.326
1 32 0.3 72.31
1 16 0.3 69.548
1 14 0.3 69.49
1 12 0.3 69.436
1 10 0.3 68.958
1 8 0.3 65.486
1 32 0.5 70.73
1 16 0.5 69.482
1 14 0.5 69.384
1 12 0.5 69.262
1 10 0.5 68.55
1 8 0.5 64.67
1 32 0.7 66.194
1 16 0.7 65.85
1 14 0.7 65.796
1 12 0.7 65.376
1 10 0.7 63.39
1 8 0.7 53.544
1 32 0.9 46.736
1 16 0.9 45.36
1 14 0.9 45.212
1 12 0.9 42.16
1 10 0.9 34.164
1 8 0.9 9.168
0.875 32 0 71.116
0.875 16 0 70.974
0.875 14 0 70.04
0.875 12 0 50.234
0.875 10 0 11.108
0.875 8 0 0.342
0.875 32 0.1 71.154
0.875 16 0.1 70.974
0.875 14 0.1 69.916
0.875 12 0.1 42.168
0.875 10 0.1 8.554
0.875 8 0.1 0.262
0.875 32 0.3 71.008
0.875 16 0.3 70.878
0.875 14 0.3 69.078
0.875 12 0.3 27.766
0.875 10 0.3 5.006
0.875 8 0.3 0.172
0.875 32 0.5 70.11
0.875 16 0.5 69.936
0.875 14 0.5 67.624
0.875 12 0.5 17.918
0.875 10 0.5 3.242
0.875 8 0.5 0.158
0.875 32 0.7 66.452
0.875 16 0.7 65.926
0.875 14 0.7 62.696
0.875 12 0.7 10.126
0.875 10 0.7 2.032
0.875 8 0.7 0.112
0.75 32 0 69.952
0.75 16 0 65.48
0.75 14 0 64.864
0.75 12 0 56.594
0.75 10 0 35.39
0.75 8 0 3.816
0.75 32 0.1 69.832
0.75 16 0.1 65.45
0.75 14 0.1 64.99
0.75 12 0.1 56.852
0.75 10 0.1 35.932
0.75 8 0.1 3.538
0.75 32 0.3 69.286
0.75 16 0.3 65.544
0.75 14 0.3 64.676
0.75 12 0.3 52.82
0.75 10 0.3 28.436
0.75 8 0.3 0.982
0.75 32 0.5 67.442
0.75 16 0.5 64.222
0.75 14 0.5 63.002
0.75 12 0.5 42.806
0.75 10 0.5 11.89
0.75 8 0.5 0.214
0.75 32 0.7 62.22
0.75 16 0.7 59.882
0.75 14 0.7 55.424
0.75 12 0.7 6.482
0.75 10 0.7 0.266
0.75 8 0.7 0.114
0.75 32 0.9 41.652
0.75 16 0.9 38.562
0.75 14 0.9 24.954
0.75 12 0.9 0.15
0.75 10 0.9 0.11
0.75 8 0.9 0.108
0.5 32 0 64.592
0.5 16 0 62.29
0.5 14 0 62.074
0.5 12 0 58.428
0.5 10 0 47.536
0.5 8 0 16.062
0.5 32 0.1 64.324
0.5 16 0.1 62.452
0.5 14 0.1 62.152
0.5 12 0.1 58.402
0.5 10 0.1 46.708
0.5 8 0.1 15.086
0.5 32 0.3 63.596
0.5 16 0.3 62.168
0.5 14 0.3 61.852
0.5 12 0.3 57.39
0.5 10 0.3 44.028
0.5 8 0.3 11.392
0.5 32 0.5 61.536
0.5 16 0.5 60.818
0.5 14 0.5 60.288
0.5 12 0.5 52.426
0.5 10 0.5 33.208
0.5 8 0.5 2.48
0.5 32 0.7 55.912
0.5 16 0.7 54.832
0.5 14 0.7 53.604
0.5 12 0.7 33.132
0.5 10 0.7 6.584
0.5 8 0.7 0.184
0.5 32 0.9 35.962
0.5 16 0.9 32.802
0.5 14 0.9 26.858
0.5 12 0.9 0.928
0.5 10 0.9 0.13
0.5 8 0.9 0.108
0.25 32 0 52.352
0.25 16 0 48.948
0.25 14 0 48.848
0.25 12 0 47.376
0.25 10 0 42.906
0.25 8 0 27.482
0.25 32 0.1 52.112
0.25 16 0.1 49.082
0.25 14 0.1 48.972
0.25 12 0.1 47.668
0.25 10 0.1 42.996
0.25 8 0.1 27.192
0.25 32 0.3 51.656
0.25 16 0.3 49.312
0.25 14 0.3 49.112
0.25 12 0.3 47.7
0.25 10 0.3 42.594
0.25 8 0.3 25.88
0.25 32 0.5 49.75
0.25 16 0.5 48.23
0.25 14 0.5 48.208
0.25 12 0.5 46.042
0.25 10 0.5 39.686
0.25 8 0.5 20.588
0.25 32 0.7 44.578
0.25 16 0.7 43.506
0.25 14 0.7 43.34
0.25 12 0.7 40.256
0.25 10 0.7 32.03
0.25 8 0.7 10.306
0.25 32 0.9 29.48
0.25 16 0.9 27.744
0.25 14 0.9 27.584
0.25 12 0.9 20.634
0.25 10 0.9 8.838
0.25 8 0.9 0.752
